1.0 0.22399672399672402 0.14632814632814634 0.06470106470106468 0.08008008008008008
1.0 0.17813267813267822 0.22058422058422067 0.059787059787059726 0.08881608881608893
0.0 0.13144963144963145 0.1987441987441987 0.048321048321048346 0.09172809172809171
0.0 0.10073710073710074 0.3297843297843298 0.05405405405405404 0.08008008008008022
1.0 0.04586404586404587 0.4273364273364273 0.060606060606060615 0.09755209755209748
0.0 0.15356265356265347 0.6697606697606698 0.08599508599508585 0.14560014560014545
0.0 0.21294021294021298 0.42515242515242513 0.05405405405405403 0.1776321776321776
0.0 0.2755937755937756 0.29848029848029783 0.05159705159705169 0.1368641368641367
1.0 0.3001638001638002 0.20092820092820093 0.06306306306306314 0.10774410774410775
0.0 0.3562653562653562 0.13031213031213024 0.04750204750204734 0.12084812084812081
0.0 0.46232596232596224 0.11065611065611065 0.03521703521703495 0.0757120757120757
0.0 0.4180999180999181 0.15724815724815727 0.07616707616707624 0.0757120757120757
1.0 0.3984438984438985 0.2620802620802621 0.05814905814905813 0.12812812812812815
1.0 0.36609336609336607 0.3851123851123851 0.0704340704340704 0.17326417326417326
1.0 0.31941031941031944 0.5962325962325962 0.07207207207207211 0.22568022568022555
0.0 0.6392301392301393 0.6253526253526254 0.08599508599508598 0.2751842751842753
0.0 0.647010647010647 0.40913640913640914 0.09336609336609336 0.17763217763217748
1.0 0.6486486486486478 0.26644826644826647 0.0851760851760851 0.19219219219219227
1.0 0.6253071253071258 0.13832013832013812 0.05651105651105626 0.11648011648011632
1.0 0.6224406224406225 0.056056056056056056 0.06060606060606066 0.08008008008008008
0.0 0.7391482391482392 0.08372008372008372 0.03521703521703512 0.12084812084812085
1.0 0.7927927927927929 0.11502411502411503 0.06060606060606066 0.11939211939211941
1.0 0.8095823095823096 0.24388024388024387 0.07289107289107288 0.182000182000182
0.0 0.8599508599508598 0.40986440986440986 0.0687960687960687 0.15579215579215572
1.0 0.8771498771498771 0.5627445627445626 0.108108108108108 0.2897442897442897
0.0 0.9254709254709255 0.091000091000091 0.06224406224406254 0.1295841295841296
