1.0 0.2190827190827191 0.12812812812812813 0.04504504504504506 0.08153608153608151
0.0 0.1306306306306306 0.19364819364819363 0.04504504504504503 0.07862407862407864
1.0 0.1728091728091728 0.2154882154882155 0.04095004095004093 0.11065611065611061
0.0 0.10155610155610155 0.32177632177632187 0.04914004914004913 0.08153608153608155
1.0 0.05773955773955776 0.3887523887523887 0.045045045045045064 0.11648011648011664
0.0 0.15397215397215397 0.6763126763126763 0.0900900900900901 0.15579215579215577
0.0 0.2092547092547093 0.4178724178724178 0.05651105651105662 0.1718081718081717
1.0 0.262080262080262 0.29556829556829556 0.047502047502047506 0.16307216307216307
1.0 0.2981162981162981 0.20384020384020385 0.0655200655200655 0.09318409318409315
0.0 0.3554463554463555 0.13468013468013468 0.05241605241605246 0.11793611793611795
0.0 0.4619164619164619 0.1092001092001092 0.03767403767403765 0.07571207571207572
0.0 0.42055692055692057 0.16161616161616166 0.07452907452907453 0.08444808444808447
1.0 0.4144144144144141 0.26062426062426064 0.08190008190008191 0.12521612521612527
1.0 0.3710073710073709 0.38511238511238505 0.07207207207207206 0.21985621985621984
1.0 0.3181818181818181 0.6195286195286199 0.09090909090909077 0.2548002548002548
1.0 0.6076986076986076 0.06552006552006548 0.07371007371007421 0.1135681135681135
1.0 0.6400491400491399 0.13395213395213396 0.04340704340704338 0.10192010192010192
1.0 0.6261261261261262 0.2438802438802439 0.07452907452907465 0.19656019656019658
0.0 0.6437346437346437 0.4076804076804077 0.08681408681408675 0.2038402038402039
0.0 0.6425061425061425 0.6282646282646283 0.09418509418509424 0.26936026936026947
0.0 0.7416052416052417 0.08663208663208663 0.04340704340704349 0.12084812084812084
1.0 0.7805077805077805 0.13104013104013104 0.04750204750204734 0.1223041223041223
1.0 0.8108108108108103 0.2511602511602511 0.06060606060606044 0.1965601965601967
0.0 0.8554463554463554 0.406952406952407 0.05978705978705989 0.15288015288015283
1.0 0.9025389025389017 0.5656565656565657 0.1179361179361178 0.2955682955682956
0.0 0.9205569205569206 0.07498407498407499 0.04750204750204745 0.11211211211211211
