0.0 0.1416871416871417 0.18491218491218492 0.05569205569205571 0.06988806988806986
0.0 0.21744471744471747 0.15870415870415872 0.04340704340704343 0.0728000728000728
0.0 0.16175266175266168 0.23004823004823005 0.045045045045044946 0.09027209027209035
0.0 0.1167076167076167 0.3101283101283101 0.046683046683046694 0.06988806988806989
0.0 0.04463554463554463 0.4404404404404405 0.04832104832104831 0.09172809172809177
2.0 0.0941850941850942 0.6814086814086815 0.14742014742014745 0.34070434070434075
0.0 0.16543816543816553 0.594048594048594 0.07371007371007374 0.21840021840021812
1.0 0.2207207207207208 0.41277641277641275 0.09582309582309581 0.20529620529620524
1.0 0.2436527436527437 0.2919282919282918 0.06961506961506958 0.09755209755209734
1.0 0.31081081081081063 0.2052962052962053 0.07616707616707613 0.1397761397761397
1.0 0.33497133497133497 0.12084812084812083 0.04750204750204767 0.10774410774410766
1.0 0.3366093366093366 0.5743925743925744 0.08517608517608521 0.26644826644826647
1.0 0.3771498771498771 0.3822003822003822 0.06633906633906628 0.15579215579215577
0.0 0.404995904995905 0.2715442715442715 0.05651105651105648 0.12667212667212666
1.0 0.42710892710892717 0.17253617253617254 0.049959049959049984 0.14123214123214128
0.0 0.4529074529074528 0.09536809536809537 0.047502047502047506 0.06843206843206844
0.0 0.6384111384111384 0.6115206115206115 0.08599508599508598 0.25916825916825925
0.0 0.6457821457821458 0.3822003822003822 0.08108108108108114 0.19073619073619075
1.0 0.6326781326781328 0.23951223951223954 0.07289107289107288 0.1557921557921558
1.0 0.6294021294021295 0.11138411138411139 0.06633906633906639 0.09755209755209758
0.0 0.7604422604422605 0.0888160888160888 0.05814905814905791 0.12521612521612518
1.0 0.8054873054873055 0.2460642460642461 0.05978705978705967 0.1951041951041952
0.0 0.8574938574938575 0.39821639821639815 0.06879606879606859 0.2256802256802256
0.0 0.8116298116298115 0.39821639821639826 0.016380016380016293 0.0014560014560014434
0.0 0.8812448812448811 0.6202566202566204 0.09172809172809182 0.24752024752024748
1.0 0.9115479115479113 0.07716807716807718 0.0540540540540535 0.12230412230412233
