1.0 0.17158067158067158 0.21767221767221762 0.04340704340704346 0.08299208299208294
0.0 0.21785421785421782 0.16088816088816088 0.036036036036036084 0.059696059696059706
0.0 0.11957411957411956 0.31740831740831743 0.04422604422604426 0.07280007280007272
0.0 0.049140049140049144 0.44408044408044406 0.06224406224406224 0.09609609609609615
1.0 0.12694512694512694 0.5976885976885977 0.10647010647010645 0.19073619073619075
1.0 0.2190827190827191 0.40622440622440625 0.06633906633906628 0.18345618345618347
1.0 0.24815724815724816 0.28756028756028756 0.0655200655200655 0.11793611793611794
1.0 0.300982800982801 0.20966420966420968 0.061425061425061434 0.1310401310401311
1.0 0.32678132678132676 0.12376012376012374 0.05241605241605246 0.09318409318409315
1.0 0.4344799344799345 0.17326417326417326 0.04995904995905004 0.12812812812812813
0.0 0.4598689598689598 0.10628810628810628 0.061425061425061434 0.06406406406406406
0.0 0.40827190827190835 0.2657202657202657 0.061425061425061434 0.10046410046410048
1.0 0.3800163800163794 0.3843843843843843 0.06224406224406226 0.18928018928018941
1.0 0.32022932022931994 0.5838565838565831 0.08517608517608521 0.2009282009282003
2.0 0.31285831285831256 0.45063245063245094 0.07371007371007371 0.16161616161616182
1.0 0.6416871416871414 0.11866411866411862 0.04995904995904921 0.09464009464009468
1.0 0.6351351351351351 0.24242424242424243 0.06470106470106474 0.13832013832013834
0.0 0.6375921375921376 0.390936390936391 0.07125307125307134 0.19947219947219946
0.0 0.638001638001638 0.6115206115206114 0.08845208845208852 0.27372827372827374
0.0 0.8873873873873874 0.615160615160615 0.08763308763308753 0.2256802256802256
0.0 0.8562653562653564 0.4025844025844026 0.08108108108108125 0.18200018200018198
1.0 0.8104013104013101 0.24606424606424618 0.07125307125307112 0.16307216307216316
0.0 0.7588042588042587 0.08808808808808809 0.05323505323505329 0.11211211211211211
1.0 0.9140049140049141 0.07644007644007646 0.040950040950040956 0.11502411502411505
