0.0 0.1392301392301391 0.19947219947219946 0.05733005733005733 0.09027209027209035
0.0 0.21375921375921375 0.1506961506961507 0.0655200655200655 0.05969605969605969
1.0 0.1904176904176904 0.20165620165620168 0.04340704340704338 0.08008008008008008
0.0 0.11752661752661753 0.3203203203203203 0.04995904995904997 0.08736008736008732
1.0 0.04668304668304669 0.42660842660842657 0.06552006552006552 0.10483210483210487
0.0 0.15233415233415237 0.6420966420966419 0.10810810810810818 0.1368641368641368
0.0 0.19819819819819817 0.44116844116844134 0.06060606060606069 0.18345618345618342
1.0 0.26453726453726456 0.2933842933842934 0.07043407043407049 0.18200018200018203
0.0 0.31695331695331697 0.21694421694421695 0.057330057330057305 0.13104013104013104
0.0 0.3443898443898443 0.1506961506961507 0.03030303030303022 0.11211211211211213
0.0 0.4610974610974611 0.11138411138411142 0.036036036036035946 0.07425607425607426
0.0 0.4193284193284193 0.16234416234416232 0.07862407862407861 0.10337610337610337
1.0 0.40335790335790334 0.28828828828828834 0.07780507780507778 0.14851214851214858
1.0 0.3554463554463554 0.4091364091364092 0.07862407862407861 0.22713622713622728
0.0 0.3194103194103194 0.5853125853125852 0.09009009009009006 0.22131222131222134
0.0 0.6433251433251433 0.6384566384566385 0.08927108927108929 0.2577122577122577
0.0 0.8034398034398034 0.5743925743925743 0.11302211302211318 0.26936026936026924
0.0 0.8726453726453727 0.4404404404404404 0.08435708435708433 0.19947219947219946
1.0 0.8153153153153151 0.24752024752024754 0.07780507780508006 0.2300482300482298
0.0 0.6429156429156428 0.41568841568841575 0.0884520884520883 0.2023842023842024
0.0 0.6535626535626538 0.2817362817362817 0.09500409500409501 0.15579215579215575
1.0 0.6146601146601145 0.17399217399217373 0.06142506142506088 0.14996814996814978
1.0 0.615888615888616 0.06333606333606334 0.062244062244062315 0.09755209755209755
0.0 0.7473382473382475 0.0851760851760851 0.046683046683047125 0.11793611793611784
1.0 0.7817362817362817 0.15652015652015652 0.03849303849303842 0.14705614705614706
0.0 0.9275184275184275 0.08663208663208664 0.05651105651105648 0.11502411502411505
