1.0 0.13636363636363635 0.5969605969605969 0.10565110565110566 0.18345618345618353
1.0 0.22113022113022113 0.4076804076804076 0.07862407862407861 0.2009282009282009
1.0 0.2506142506142506 0.29848029848029844 0.07698607698607701 0.12230412230412227
1.0 0.31203931203931207 0.2082082082082082 0.07043407043407046 0.13395213395213396
1.0 0.337018837018837 0.12230412230412233 0.061425061425061434 0.10774410774410777
0.0 0.2166257166257166 0.1652561652561652 0.04832104832104825 0.07425607425607425
0.0 0.1375921375921376 0.18636818636818636 0.05733005733005732 0.08736008736008738
0.0 0.16257166257166256 0.22932022932022927 0.049959049959049956 0.09172809172809168
0.0 0.12162162162162163 0.31813631813631815 0.05159705159705162 0.0684320684320685
0.0 0.04463554463554464 0.4433524433524434 0.059787059787059796 0.08590408590408594
0.0 0.4504504504504504 0.10337610337610337 0.05405405405405411 0.07862407862407862
1.0 0.43488943488943493 0.17180817180817182 0.05896805896805901 0.12521612521612524
0.0 0.40294840294840295 0.2802802802802803 0.05896805896805907 0.12958412958412963
1.0 0.3796068796068796 0.39239239239239243 0.08763308763308764 0.15579215579215572
1.0 0.33333333333333337 0.5896805896805892 0.07862407862407844 0.27081627081627047
1.0 0.6240786240786241 0.2467922467922468 0.06552006552006562 0.1616161616161616
0.0 0.6388206388206388 0.3938483938483939 0.07698607698607685 0.21112021112021118
0.0 0.6457821457821458 0.6188006188006189 0.1023751023751025 0.26790426790426786
1.0 0.6302211302211305 0.12521612521612518 0.06306306306306309 0.10192010192010187
2.0 0.3136773136773138 0.4681044681044677 0.07862407862407877 0.1820001820001818
0.0 0.8877968877968878 0.6071526071526071 0.0982800982800981 0.23878423878423888
0.0 0.8611793611793612 0.39312039312039304 0.072891072891073 0.19219219219219214
1.0 0.8005733005733007 0.23732823732823732 0.05814905814905813 0.1688961688961689
0.0 0.7571662571662572 0.08881608881608882 0.05651105651105659 0.11648011648011648
1.0 0.9135954135954136 0.07425607425607417 0.0515970515970513 0.11065611065611047
