0.0 0.13226863226863228 0.1994721994721995 0.046683046683046694 0.08736008736008738
1.0 0.2190827190827191 0.14414414414414395 0.059787059787059754 0.07862407862407848
1.0 0.16584766584766586 0.2395122395122395 0.05323505323505326 0.10628810628810634
1.0 0.09459459459459464 0.33488033488033486 0.06797706797706801 0.0960960960960961
0.0 0.13800163800163798 0.6821366821366819 0.11547911547911553 0.13832013832013834
0.0 0.20311220311220313 0.4215124215124215 0.05569205569205571 0.16744016744016738
0.0 0.2727272727272727 0.30867230867230866 0.06224406224406226 0.1426881426881427
1.0 0.3046683046683047 0.20748020748020746 0.06715806715806716 0.10920010920010922
0.0 0.35995085995086 0.1368641368641369 0.04995904995904976 0.12230412230412233
0.0 0.45945945945945954 0.1092001092001092 0.03603603603603611 0.08153608153608154
0.0 0.42219492219492216 0.17544817544817543 0.0679770679770681 0.12376012376012377
1.0 0.3951678951678952 0.2722722722722723 0.09582309582309578 0.1164801164801165
1.0 0.37223587223587223 0.38365638365638366 0.08108108108108103 0.18200018200018198
1.0 0.32555282555282555 0.6086086086086087 0.10565110565110569 0.23004823004823016
1.0 0.6191646191646192 0.053144053144053106 0.06224406224406198 0.08299208299208292
1.0 0.6273546273546273 0.1375921375921376 0.05733005733005725 0.1062881062881063
1.0 0.6388206388206389 0.24824824824824826 0.06879606879606892 0.18782418782418786
0.0 0.6453726453726455 0.4178724178724178 0.08353808353808367 0.19510419510419474
0.0 0.6437346437346434 0.6297206297206293 0.09336609336609403 0.24897624897624893
1.0 0.7813267813267812 0.14123214123214123 0.0458640458640458 0.14560014560014561
1.0 0.8046683046683047 0.2548002548002548 0.08108108108108103 0.21548821548821556
0.0 0.8521703521703519 0.4120484120484115 0.06142506142506077 0.16016016016016
0.0 0.7452907452907452 0.08517608517608519 0.0458640458640458 0.12667212667212668
1.0 0.8841113841113826 0.5765765765765765 0.08599508599508587 0.2882882882882881
0.0 0.927927927927928 0.08153608153608152 0.0589680589680589 0.11356811356811354
