1.0 0.1334971334971335 0.5991445991445992 0.10647010647010643 0.21112021112021118
1.0 0.2190827190827191 0.41350441350441347 0.07616707616707619 0.20966420966420962
1.0 0.24488124488124485 0.2941122941122941 0.06060606060606058 0.12230412230412233
1.0 0.30712530712530717 0.21184821184821184 0.07534807534807536 0.14123214123214123
1.0 0.3353808353808354 0.12594412594412596 0.06142506142506138 0.1295841295841296
0.0 0.21621621621621623 0.1557921557921558 0.05569205569205568 0.0815360815360815
0.0 0.1347256347256347 0.18272818272818275 0.05323505323505326 0.07425607425607428
0.0 0.16994266994266993 0.23296023296023294 0.061425061425061406 0.10192010192010192
0.0 0.11998361998361998 0.315952315952316 0.05487305487305487 0.07862407862407866
0.0 0.04832104832104832 0.4397124397124398 0.05733005733005733 0.08444808444808444
0.0 0.45167895167895167 0.09900809900809901 0.05814905814905813 0.0698880698880699
1.0 0.43447993447993444 0.1747201747201747 0.06797706797706793 0.11356811356811357
0.0 0.4021294021294022 0.28246428246428246 0.05896805896805907 0.131040131040131
1.0 0.389025389025389 0.3851123851123851 0.08190008190008191 0.16452816452816454
2.0 0.3149058149058148 0.4520884520884514 0.08599508599508598 0.2082082082082078
1.0 0.337018837018837 0.5962325962325962 0.10401310401310393 0.29848029848029833
0.0 0.6425061425061425 0.6086086086086085 0.09746109746109755 0.26790426790426797
0.0 0.6437346437346435 0.39093639093639065 0.07862407862407816 0.20238420238420224
1.0 0.6289926289926291 0.2395122395122395 0.08845208845208852 0.13832013832013831
1.0 0.6359541359541361 0.13322413322413323 0.05814905814905824 0.10337610337610338
0.0 0.7567567567567568 0.08736008736008735 0.06388206388206374 0.1193921193921194
1.0 0.7989352989352989 0.25261625261625265 0.06470106470106474 0.1907361907361907
0.0 0.8677313677313676 0.412048412048412 0.08108108108108092 0.23296023296023288
0.0 0.8898443898443897 0.6115206115206115 0.09746109746109732 0.24169624169624165
1.0 0.913185913185913 0.07498407498407494 0.0507780507780502 0.10920010920010914
