1.0 0.18509418509418513 0.20748020748020746 0.052416052416052406 0.08299208299208297
0.0 0.20966420966420968 0.15142415142415142 0.06060606060606058 0.05824005824005822
0.0 0.13800163800163803 0.19219219219219222 0.06633906633906635 0.09318409318409321
0.0 0.11343161343161343 0.32177632177632176 0.05978705978705978 0.08736008736008744
1.0 0.04873054873054874 0.43170443170443173 0.07125307125307125 0.12376012376012374
2.0 0.21867321867321865 0.4666484666484667 0.1375921375921376 0.3683683683683685
0.0 0.15438165438165435 0.6457366457366457 0.10401310401310401 0.13249613249613246
1.0 0.26003276003276005 0.29047229047229045 0.06470106470106474 0.17035217035217035
0.0 0.31695331695331697 0.22058422058422059 0.05241605241605246 0.12376012376012374
0.0 0.34316134316134317 0.15579215579215577 0.0442260442260442 0.11356811356811357
1.0 0.3538083538083538 0.39603239603239604 0.07862407862407861 0.20675220675220668
1.0 0.40090090090090086 0.2904722904722905 0.06633906633906628 0.15579215579215583
0.0 0.3255528255528255 0.5714805714805715 0.08108108108108092 0.20529620529620535
0.0 0.4168714168714168 0.16671216671216674 0.06879606879606875 0.10337610337610337
0.0 0.45864045864045866 0.10701610701610703 0.04258804258804261 0.082992082992083
0.0 0.644963144963145 0.6384566384566385 0.10237510237510239 0.28100828100828107
0.0 0.8108108108108107 0.5707525707525707 0.10647010647010635 0.2766402766402766
0.0 0.8705978705978705 0.4375284375284375 0.07698607698607696 0.22276822276822278
0.0 0.6441441441441441 0.4105924105924106 0.09254709254709259 0.19801619801619802
0.0 0.6539721539721541 0.2795522795522795 0.09582309582309578 0.14851214851214847
1.0 0.617936117936118 0.17326417326417326 0.05651105651105648 0.1485121485121485
1.0 0.6220311220311219 0.06479206479206483 0.04668304668304668 0.10920010920010928
0.0 0.746109746109746 0.08153608153608151 0.05569205569205571 0.12521612521612516
1.0 0.8169533169533172 0.23368823368823372 0.07616707616707641 0.19947219947219944
1.0 0.7829647829647834 0.13468013468013448 0.04422604422604515 0.10628810628810613
0.0 0.9262899262899263 0.08736008736008737 0.05896805896805879 0.12230412230412231
