1.0 0.21621621621621623 0.13977613977613979 0.05569205569205568 0.08736008736008735
1.0 0.17485667485667483 0.21767221767221767 0.04995904995904993 0.08008008008008005
0.0 0.13267813267813267 0.19292019292019294 0.04422604422604423 0.09172809172809177
0.0 0.10728910728910729 0.3290563290563291 0.05733005733005732 0.07571207571207567
1.0 0.06101556101556101 0.390936390936391 0.0565110565110565 0.1121121121121122
0.0 0.1527436527436527 0.6784966784966786 0.08927108927108926 0.15142415142415133
0.0 0.20434070434070434 0.42442442442442446 0.05978705978705978 0.1790881790881792
1.0 0.26453726453726456 0.29047229047229045 0.06060606060606066 0.16452816452816452
1.0 0.30057330057330056 0.20966420966420965 0.06879606879606881 0.11065611065611064
0.0 0.35585585585585583 0.1317681317681318 0.04832104832104822 0.11502411502411505
0.0 0.46273546273546273 0.10483210483210484 0.04586404586404602 0.08153608153608156
0.0 0.4205569205569205 0.1528801528801529 0.07616707616707613 0.08736008736008734
1.0 0.4168714168714168 0.25989625989625986 0.07371007371007371 0.12958412958412954
1.0 0.36855036855036855 0.38292838292838294 0.06879606879606881 0.19801619801619808
1.0 0.31367731367731366 0.6115206115206113 0.10483210483210492 0.2387842387842386
1.0 0.6162981162981163 0.04513604513604514 0.05978705978705978 0.08153608153608154
1.0 0.6351351351351352 0.12448812448812446 0.04504504504504525 0.08299208299208298
1.0 0.6212121212121212 0.23441623441623438 0.07125307125307123 0.1805441805441805
0.0 0.6490581490581491 0.4135044135044136 0.10073710073710063 0.18636818636818636
0.0 0.6420966420966421 0.6268086268086268 0.09664209664209666 0.2751842751842752
0.0 0.7444717444717445 0.08663208663208664 0.04750204750204756 0.11211211211211217
1.0 0.7768222768222768 0.12885612885612888 0.046683046683047125 0.12958412958412963
1.0 0.8099918099918099 0.251160251160251 0.06715806715806716 0.1994721994721991
0.0 0.8570843570843572 0.4156884156884157 0.06797706797706793 0.1528801528801529
1.0 0.9054054054054055 0.5642005642005641 0.09909909909909909 0.30721630721630716
0.0 0.9189189189189191 0.07716807716807716 0.050778050778050754 0.11356811356811357
