1.0 0.21949221949221942 0.14123214123214117 0.06060606060606047 0.09318409318409318
0.0 0.13063063063063063 0.1951041951041951 0.046683046683046694 0.09027209027209027
1.0 0.16748566748566746 0.2234962234962234 0.04176904176904189 0.11793611793611788
0.0 0.10114660114660107 0.32760032760032753 0.056511056511056465 0.09900809900809887
1.0 0.05937755937755937 0.40258440258440253 0.0663390663390663 0.14123214123214123
0.0 0.14455364455364453 0.6843206843206843 0.11220311220311217 0.14560014560014567
0.0 0.20884520884520885 0.42952042952042957 0.0655200655200655 0.15433615433615433
1.0 0.26167076167076164 0.29629629629629634 0.06306306306306306 0.16452816452816457
1.0 0.3038493038493038 0.21403221403221404 0.07207207207207211 0.13686413686413684
0.0 0.35995085995085996 0.1354081354081354 0.04995904995905004 0.11356811356811355
0.0 0.46191646191646185 0.11429611429611429 0.04422604422604426 0.08590408590408591
1.0 0.40868140868140856 0.2533442533442533 0.0671580671580671 0.14268814268814267
1.0 0.3718263718263719 0.38001638001638016 0.08681408681408698 0.19219219219219247
1.0 0.3202293202293202 0.6173446173446173 0.10155610155610151 0.24460824460824465
1.0 0.6162981162981163 0.06042406042406042 0.05978705978705978 0.09755209755209755
1.0 0.6371826371826372 0.13686413686413684 0.03603603603603589 0.1019201019201019
1.0 0.6199836199836201 0.24315224315224307 0.08353808353808323 0.1980161980161979
0.0 0.6437346437346437 0.4142324142324143 0.08681408681408675 0.19947219947219952
0.0 0.6420966420966421 0.6406406406406406 0.09828009828009832 0.2679042679042679
0.0 0.7444717444717444 0.08299208299208292 0.04095004095004107 0.11648011648011644
1.0 0.7817362817362812 0.1274001274001274 0.04668304668304668 0.12376012376012377
1.0 0.8079443079443082 0.25625625625625625 0.06633906633906572 0.19801619801619802
0.0 0.8509418509418507 0.4105924105924107 0.052416052416052517 0.16016016016016016
1.0 0.8927108927108927 0.5576485576485576 0.11302211302211307 0.29702429702429706
0.0 0.9185094185094184 0.07862407862407862 0.04832104832104833 0.1252161252161252
