0.0 0.1375921375921376 0.19146419146419147 0.047502047502047506 0.07716807716807719
1.0 0.22522522522522526 0.1303121303121303 0.04586404586404588 0.07716807716807715
1.0 0.180999180999181 0.20384020384020388 0.03439803439803449 0.08736008736008738
0.0 0.10278460278460279 0.33051233051233053 0.061425061425061406 0.09318409318409321
1.0 0.04463554463554464 0.43898443898443895 0.06142506142506143 0.11211211211211208
0.0 0.15397215397215394 0.6741286741286744 0.08517608517608515 0.131040131040131
1.0 0.20188370188370183 0.4215124215124212 0.06633906633906633 0.18782418782418747
1.0 0.2583947583947584 0.28683228683228673 0.05323505323505315 0.17763217763217765
1.0 0.2944307944307944 0.19146419146419147 0.05323505323505329 0.09464009464009468
0.0 0.35708435708435704 0.13613613613613612 0.04914004914004921 0.12376012376012374
0.0 0.465601965601966 0.10992810992810989 0.03194103194103187 0.07716807716807712
0.0 0.4180999180999182 0.17399217399217404 0.06633906633906633 0.11793611793611794
0.0 0.40909090909090906 0.2635362635362635 0.05978705978705978 0.11065611065611061
1.0 0.3685503685503685 0.38656838656838655 0.07207207207207217 0.1994721994721994
0.0 0.3222768222768223 0.5765765765765766 0.08108108108108109 0.20092820092820102
0.0 0.6420966420966421 0.6348166348166349 0.09500409500409512 0.25625625625625614
0.0 0.647010647010647 0.4054964054964055 0.08517608517608521 0.18782418782418775
1.0 0.6199836199836195 0.2446082446082447 0.0819000819000818 0.18345618345618356
1.0 0.6212121212121212 0.12157612157612158 0.054873054873054716 0.0655200655200655
0.0 0.627354627354628 0.06843206843206841 0.05241605241605274 0.06406406406406401
0.0 0.7461097461097461 0.08663208663208663 0.0458640458640458 0.12667212667212668
1.0 0.7882882882882882 0.12157612157612158 0.040131040131040074 0.09755209755209754
1.0 0.8058968058968059 0.2460642460642461 0.062244062244062204 0.18345618345618345
0.0 0.8583128583128584 0.41132041132041114 0.07043407043407046 0.14414414414414412
1.0 0.9037674037674037 0.5685685685685686 0.1253071253071253 0.3043043043043044
0.0 0.9209664209664208 0.06552006552006553 0.03849303849303831 0.09027209027209028
