0.0 0.14045864045864045 0.19437619437619438 0.061425061425061434 0.08008008008008011
0.0 0.20638820638820643 0.13904813904813906 0.06552006552006553 0.06552006552006553
1.0 0.1879606879606878 0.20602420602420599 0.046683046683046625 0.07425607425607428
0.0 0.1162981162981163 0.31522431522431527 0.04422604422604423 0.08590408590408588
1.0 0.04586404586404587 0.4178724178724179 0.05733005733005733 0.09900809900809898
0.0 0.15438165438165435 0.6413686413686414 0.10073710073710072 0.13249613249613246
1.0 0.21949221949221953 0.4149604149604149 0.11466011466011469 0.20675220675220668
1.0 0.26044226044226043 0.2839202839202839 0.06224406224406229 0.16598416598416596
0.0 0.31408681408681405 0.21330421330421329 0.05323505323505323 0.12958412958412957
0.0 0.34643734643734647 0.15142415142415144 0.036036036036036 0.11065611065611067
0.0 0.31367731367731366 0.5751205751205751 0.07043407043407046 0.2213122213122214
1.0 0.3591318591318591 0.39676039676039676 0.08108108108108097 0.21112021112021107
1.0 0.39598689598689585 0.289016289016289 0.06470106470106479 0.14996814996814992
0.0 0.4135954135954136 0.165984165984166 0.06879606879606881 0.1164801164801165
0.0 0.45864045864045866 0.11138411138411139 0.03276003276003275 0.0859040859040859
0.0 0.6408681408681409 0.6326326326326326 0.0958230958230959 0.2635362635362636
0.0 0.6429156429156428 0.4047684047684048 0.09009009009009017 0.18345618345618347
0.0 0.6621621621621622 0.281008281008281 0.09254709254709259 0.15142415142415147
1.0 0.6216216216216216 0.17108017108017107 0.052416052416052406 0.15288015288015283
1.0 0.6195741195741196 0.06042406042406044 0.06797706797706793 0.11502411502411505
0.0 0.7436527436527438 0.08663208663208664 0.05405405405405406 0.11502411502411505
1.0 0.783783783783784 0.14560014560014556 0.04750204750204756 0.1252161252161251
1.0 0.8153153153153154 0.20384020384020385 0.07616707616707608 0.13104013104013104
0.0 0.8681408681408681 0.4375284375284375 0.07207207207207222 0.20820820820820823
0.0 0.80999180999181 0.5692965692965692 0.10647010647010635 0.2737282737282737
0.0 0.9254709254709255 0.09027209027209028 0.052416052416052406 0.1193921193921194
