0.0 0.13636363636363635 0.19146419146419147 0.05487305487305484 0.08008008008008008
1.0 0.2231777231777232 0.14414414414414414 0.05487305487305488 0.0786240786240786
1.0 0.18058968058968058 0.21694421694421676 0.04176904176904178 0.0960960960960961
2.0 0.07371007371007371 0.32614432614432615 0.076986076986077 0.18054418054418056
0.0 0.042178542178542174 0.4433524433524434 0.053235053235053224 0.0975520975520976
0.0 0.10892710892710894 0.330512330512331 0.052416052416052406 0.09027209027209032
0.0 0.15069615069615067 0.6806806806806807 0.09336609336609335 0.13832013832013845
0.0 0.20638820638820637 0.41932841932841936 0.07043407043407043 0.17472017472017476
0.0 0.2772317772317773 0.30940030940030944 0.07616707616707613 0.15579215579215577
1.0 0.30712530712530706 0.20748020748020746 0.0704340704340704 0.12376012376012377
0.0 0.3554463554463554 0.1354081354081354 0.05569205569205571 0.1281281281281281
0.0 0.4647829647829649 0.107016107016107 0.046683046683046736 0.08881608881608881
0.0 0.4189189189189189 0.1630721630721631 0.06306306306306309 0.10774410774410777
1.0 0.40622440622440614 0.2562562562562563 0.08190008190008186 0.12812812812812824
1.0 0.3759213759213759 0.38438438438438444 0.09009009009009006 0.20092820092820096
1.0 0.32145782145782154 0.5969605969605966 0.08108108108108109 0.24460824460824443
1.0 0.6191646191646192 0.061152061152061156 0.062244062244062315 0.08444808444808445
1.0 0.6216216216216217 0.13613613613613612 0.06879606879606881 0.07425607425607426
1.0 0.6388206388206388 0.2467922467922468 0.07698607698607685 0.20820820820820823
0.0 0.6490581490581491 0.4171444171444172 0.09090909090909083 0.1878241878241878
0.0 0.6474201474201474 0.6304486304486304 0.10237510237510228 0.27664027664027663
0.0 0.7391482391482392 0.08954408954408954 0.04668304668304679 0.11211211211211213
1.0 0.776003276003276 0.13395213395213396 0.049959049959049984 0.11065611065611064
1.0 0.8095823095823096 0.2416962416962417 0.06470106470106451 0.20092820092820096
0.0 0.852989352989353 0.40913640913640914 0.05651105651105648 0.13104013104013096
1.0 0.893120393120393 0.5773045773045773 0.09090909090909094 0.2868322868322869
0.0 0.9238329238329239 0.08808808808808809 0.06224406224406254 0.12667212667212666
