0.0 0.2182637182637183 0.16234416234416235 0.05487305487305488 0.07716807716807718
0.0 0.138001638001638 0.18855218855218853 0.053235053235053245 0.07716807716807714
0.0 0.12039312039312042 0.31304031304031305 0.04914004914004917 0.08444808444808449
0.0 0.04668304668304669 0.43825643825643823 0.07534807534807535 0.09900809900809893
1.0 0.12981162981162983 0.5976885976885977 0.11711711711711714 0.19656019656019647
1.0 0.21867321867321868 0.41568841568841564 0.07698607698607701 0.22568022568022567
1.0 0.2461097461097461 0.2904722904722905 0.05978705978705984 0.12958412958412957
1.0 0.17117117117117117 0.22422422422422422 0.03767403767403765 0.10774410774410773
1.0 0.33374283374283376 0.12012012012012013 0.05978705978705978 0.1092001092001092
1.0 0.3087633087633087 0.206024206024206 0.0704340704340704 0.12667212667212668
1.0 0.4328419328419328 0.1710801710801711 0.051597051597051635 0.13540813540813543
0.0 0.40622440622440614 0.26863226863226847 0.05896805896805907 0.10920010920010911
1.0 0.3812448812448812 0.3741923741923742 0.08271908271908274 0.1892801892801893
1.0 0.31367731367731366 0.6100646100646091 0.0868140868140867 0.2649922649922653
0.0 0.6400491400491399 0.6093366093366094 0.09090909090909083 0.2548002548002548
0.0 0.6416871416871417 0.388024388024388 0.08599508599508598 0.1907361907361907
1.0 0.6253071253071254 0.23951223951223954 0.08108108108108114 0.14123214123214126
1.0 0.6326781326781326 0.12376012376012374 0.061425061425061434 0.1077441077441077
0.0 0.8865683865683867 0.612976612976613 0.10565110565110558 0.24752024752024754
0.0 0.8660933660933662 0.4054964054964055 0.07452907452907453 0.21694421694421695
1.0 0.8091728091728092 0.24679224679224676 0.07862407862407839 0.16452816452816452
0.0 0.7616707616707616 0.09172809172809172 0.06060606060606044 0.13395213395213393
1.0 0.9164619164619164 0.07862407862407861 0.04750204750204756 0.11648011648011646
