0.0 0.13718263718263718 0.1943761943761944 0.059787059787059796 0.09464009464009471
1.0 0.18386568386568386 0.20893620893620893 0.04668304668304665 0.07716807716807716
0.0 0.2137592137592138 0.1485121485121485 0.060606060606060635 0.06988806988806989
0.0 0.11506961506961505 0.31376831376831377 0.04340704340704342 0.07425607425607428
1.0 0.047502047502047506 0.42660842660842657 0.047502047502047506 0.11356811356811353
0.0 0.16134316134316135 0.6464646464646467 0.09009009009009003 0.11356811356811347
1.0 0.20311220311220313 0.4207844207844208 0.10647010647010649 0.19801619801619808
1.0 0.26167076167076164 0.27664027664027663 0.06142506142506138 0.17472017472017468
0.0 0.31695331695331697 0.21330421330421329 0.05405405405405406 0.12084812084812083
0.0 0.348075348075348 0.15142415142415144 0.031122031122031213 0.11065611065611067
0.0 0.4680589680589681 0.10992810992810992 0.035217035217035286 0.0655200655200655
0.0 0.42219492219492216 0.16016016016016013 0.07944307944307938 0.08444808444808442
1.0 0.39639639639639634 0.2933842933842934 0.07371007371007371 0.14705614705614706
1.0 0.3603603603603604 0.3974883974883975 0.09336609336609336 0.2038402038402039
0.0 0.3157248157248157 0.5700245700245701 0.07944307944307943 0.18491218491218486
1.0 0.6228501228501229 0.05532805532805533 0.049959049959049984 0.08444808444808445
1.0 0.6248976248976248 0.17690417690417692 0.050778050778050754 0.1528801528801529
0.0 0.6564291564291564 0.27809627809627807 0.09418509418509413 0.14851214851214853
0.0 0.6412776412776412 0.40695240695240686 0.07698607698607707 0.17617617617617615
0.0 0.6466011466011465 0.631904631904632 0.10237510237510239 0.27081627081627085
0.0 0.8058968058968059 0.572936572936573 0.10974610974610965 0.2635362635362636
0.0 0.8710073710073709 0.43898443898443906 0.08108108108108103 0.20238420238420246
1.0 0.8108108108108107 0.2103922103922104 0.06388206388206374 0.14705614705614703
1.0 0.7817362817362816 0.14414414414414412 0.04340704340704338 0.11648011648011644
0.0 0.744881244881245 0.08590408590408591 0.04668304668304657 0.11648011648011648
0.0 0.9299754299754299 0.09027209027209028 0.05323505323505329 0.12230412230412233
