1.0 0.12776412776412777 0.5940485940485941 0.11629811629811629 0.19510419510419502
0.0 0.22031122031122033 0.15724815724815724 0.058968058968058956 0.06988806988806988
0.0 0.1347256347256347 0.18127218127218125 0.05323505323505326 0.059696059696059706
0.0 0.16257166257166256 0.22786422786422786 0.04668304668304671 0.09755209755209754
0.0 0.12366912366912369 0.3195923195923196 0.05569205569205572 0.08008008008008
0.0 0.04381654381654382 0.4331604331604332 0.049959049959049956 0.0975520975520976
1.0 0.2141687141687142 0.4084084084084084 0.08763308763308766 0.19656019656019663
1.0 0.24283374283374284 0.30212030212030216 0.07452907452907448 0.10046410046410048
1.0 0.3095823095823096 0.2052962052962053 0.06715806715806716 0.13395213395213393
1.0 0.33579033579033585 0.12885612885612885 0.05733005733005736 0.12667212667212666
0.0 0.45536445536445547 0.10337610337610337 0.05077805077805081 0.08153608153608154
1.0 0.43284193284193284 0.17108017108017107 0.04668304668304679 0.13832013832013834
0.0 0.4123669123669124 0.2722722722722723 0.06961506961506958 0.10774410774410773
1.0 0.3779688779688779 0.3771043771043771 0.08599508599508598 0.1630721630721631
1.0 0.3488943488943489 0.5984165984165983 0.08026208026208026 0.2679042679042679
1.0 0.6281736281736281 0.12448812448812449 0.05733005733005736 0.1121121121121121
1.0 0.6334971334971335 0.23514423514423516 0.05978705978705978 0.13832013832013834
0.0 0.6412776412776413 0.38948038948038954 0.07862407862407872 0.19656019656019658
0.0 0.644144144144144 0.6122486122486123 0.09909909909909909 0.2606242606242606
0.0 0.7575757575757576 0.08736008736008737 0.06060606060606055 0.1252161252161252
1.0 0.8067158067158067 0.24679224679224676 0.06715806715806727 0.1849121849121849
0.0 0.8890253890253892 0.61006461006461 0.10073710073710063 0.24752024752024754
0.0 0.861998361998362 0.40476840476840475 0.08108108108108125 0.22131222131222128
1.0 0.9111384111384112 0.07134407134407135 0.04504504504504503 0.11065611065611067
