1.0 0.22194922194922195 0.13904813904813904 0.045864045864045855 0.08590408590408588
0.0 0.13431613431613432 0.19437619437619438 0.05077805077805077 0.08008008008008011
1.0 0.1752661752661753 0.21476021476021476 0.040950040950040956 0.082992082992083
0.0 0.1031941031941032 0.3326963326963327 0.06224406224406223 0.08590408590408599
1.0 0.049959049959049956 0.42442442442442446 0.06388206388206388 0.11793611793611791
0.0 0.15724815724815724 0.6777686777686778 0.08353808353808356 0.15579215579215566
0.0 0.205978705978706 0.4244244244244244 0.06633906633906636 0.17035217035217037
0.0 0.273955773955774 0.305032305032305 0.06470106470106468 0.1412321412321412
1.0 0.3050778050778051 0.20748020748020748 0.06633906633906639 0.12376012376012374
0.0 0.3579033579033579 0.13395213395213396 0.0442260442260442 0.11939211939211941
0.0 0.46478296478296477 0.10774410774410774 0.03849303849303848 0.07280007280007281
0.0 0.4185094185094185 0.16671216671216674 0.06388206388206391 0.10337610337610337
1.0 0.4021294021294022 0.2562562562562562 0.07862407862407866 0.13104013104013093
1.0 0.3660933660933661 0.38365638365638366 0.06060606060606066 0.20820820820820823
1.0 0.3353808353808354 0.6078806078806079 0.08435708435708439 0.2460642460642461
1.0 0.6216216216216217 0.05387205387205388 0.04914004914004921 0.08153608153608155
1.0 0.6281736281736283 0.16307216307216307 0.04422604422604426 0.13395213395213396
1.0 0.6478296478296478 0.2438802438802439 0.07043407043407046 0.19656019656019658
0.0 0.6478296478296478 0.41132041132041136 0.0884520884520883 0.19656019656019652
0.0 0.6437346437346436 0.6282646282646284 0.09991809991809986 0.25771225771225775
0.0 0.7424242424242424 0.08153608153608152 0.03849303849303831 0.12230412230412228
1.0 0.7805077805077805 0.12667212667212668 0.0556920556920556 0.13104013104013104
1.0 0.8079443079443079 0.24388024388024387 0.07452907452907453 0.1994721994721995
0.0 0.8538083538083538 0.4047684047684048 0.07289107289107288 0.14560014560014561
1.0 0.8877968877968879 0.578032578032578 0.09009009009009006 0.30284830284830283
0.0 0.9266994266994268 0.08153608153608152 0.05978705978705978 0.13977613977613973
