0.0 0.35626535626535627 0.14196014196014195 0.054054054054054 0.11502411502411498
1.0 0.22481572481572482 0.13832013832013831 0.05159705159705161 0.08444808444808444
0.0 0.13554463554463553 0.19146419146419147 0.049959049959049956 0.08008008008008008
1.0 0.17813267813267813 0.20748020748020748 0.03357903357903358 0.09755209755209754
0.0 0.1027846027846028 0.32978432978432975 0.059787059787059796 0.08590408590408583
1.0 0.04340704340704342 0.43825643825643823 0.05896805896805899 0.11065611065611064
0.0 0.15274365274365265 0.6821366821366821 0.09746109746109749 0.1470561470561469
0.0 0.32432432432432434 0.5809445809445808 0.07862407862407861 0.20675220675220674
1.0 0.2035217035217035 0.4215124215124215 0.06797706797706796 0.19073619073619086
1.0 0.2559377559377559 0.28537628537628545 0.04504504504504506 0.18345618345618353
1.0 0.3001638001638001 0.20165620165620168 0.06633906633906628 0.1266721266721267
0.0 0.46846846846846846 0.10264810264810265 0.047502047502047506 0.09172809172809172
0.0 0.4234234234234235 0.17253617253617254 0.07698607698607696 0.12667212667212668
0.0 0.41482391482391484 0.2635362635362635 0.06633906633906628 0.10483210483210481
1.0 0.37387387387387383 0.3822003822003822 0.07125307125307123 0.1936481936481937
0.0 0.6285831285831286 0.06916006916006917 0.05814905814905824 0.0800800800800801
1.0 0.6224406224406224 0.12448812448812446 0.05733005733005725 0.059696059696059664
1.0 0.6326781326781327 0.24897624897624898 0.07452907452907453 0.18054418054418053
0.0 0.6461916461916463 0.40404040404040403 0.08517608517608521 0.18491218491218486
0.0 0.6429156429156428 0.6304486304486305 0.09009009009009017 0.25334425334425337
0.0 0.7424242424242424 0.0880880880880881 0.04668304668304668 0.11502411502411504
1.0 0.7850122850122849 0.12885612885612885 0.04013104013103996 0.12084812084812084
1.0 0.8050778050778047 0.24679224679224676 0.06552006552006528 0.19364819364819344
0.0 0.8546273546273544 0.4156884156884157 0.06797706797706804 0.15579215579215577
1.0 0.909090909090909 0.564928564928565 0.11302211302211307 0.2912002912002912
0.0 0.9164619164619165 0.06188006188006188 0.0458640458640458 0.10046410046410047
