0.0 0.09991809991809991 0.32978432978432975 0.057330057330057305 0.08881608881608882
1.0 0.04422604422604423 0.42879242879242874 0.05241605241605241 0.12084812084812074
0.0 0.1420966420966422 0.6784966784966787 0.10401310401310396 0.12812812812812768
1.0 0.20679770679770682 0.4200564200564201 0.06633906633906633 0.18491218491218492
1.0 0.18509418509418507 0.206024206024206 0.04258804258804261 0.08590408590408588
1.0 0.22563472563472564 0.13613613613613615 0.045045045045045085 0.07716807716807718
0.0 0.13513513513513514 0.19146419146419147 0.05569205569205572 0.08590408590408591
0.0 0.35626535626535627 0.13104013104013107 0.05241605241605246 0.1164801164801165
1.0 0.30671580671580667 0.20893620893620896 0.06470106470106468 0.13540813540813545
1.0 0.2604422604422605 0.28537628537628534 0.057330057330057305 0.17180817180817184
0.0 0.3206388206388206 0.572936572936573 0.07616707616707619 0.20820820820820823
1.0 0.3714168714168714 0.3822003822003822 0.06306306306306309 0.19947219947219952
0.0 0.46601146601146604 0.10264810264810265 0.039312039312039415 0.0800800800800801
0.0 0.4205569205569206 0.17326417326417326 0.07125307125307123 0.11939211939211944
0.0 0.40253890253890257 0.26135226135226136 0.06142506142506132 0.10628810628810628
0.0 0.6232596232596233 0.06260806260806262 0.052416052416052406 0.07862407862407865
1.0 0.6158886158886159 0.23732823732823732 0.07371007371007376 0.19510419510419508
1.0 0.6183456183456184 0.12303212303212303 0.07043407043407035 0.05387205387205388
0.0 0.6466011466011465 0.40404040404040403 0.08763308763308764 0.18491218491218486
0.0 0.644144144144144 0.6268086268086268 0.09746109746109732 0.26644826644826647
0.0 0.7461097461097461 0.082992082992083 0.04750204750204767 0.131040131040131
1.0 0.7858312858312859 0.1295841295841296 0.05487305487305505 0.099008099008099
1.0 0.8001638001638001 0.2562562562562562 0.06388206388206386 0.2067522067522067
0.0 0.8538083538083538 0.41132041132041136 0.06470106470106496 0.13249613249613257
1.0 0.9070434070434069 0.5722085722085721 0.13022113022113024 0.29120029120029106
0.0 0.9180999180999176 0.06843206843206842 0.04422604422604459 0.09609609609609608
