1.0 0.2203112203112202 0.13977613977613976 0.050778050778050754 0.08153608153608154
1.0 0.17280917280917285 0.21912821912821911 0.03603603603603603 0.0888160888160888
0.0 0.1359541359541359 0.19728819728819727 0.04750204750204748 0.0946400946400946
0.0 0.09787059787059788 0.3268723268723269 0.051597051597051594 0.07716807716807722
1.0 0.04504504504504505 0.4295204295204295 0.05896805896805898 0.10483210483210481
0.0 0.15397215397215377 0.6850486850486852 0.0868140868140867 0.13832013832013812
0.0 0.20515970515970514 0.41860041860041863 0.06633906633906633 0.18491218491218492
0.0 0.2776412776412775 0.3028483028483029 0.0655200655200655 0.14851214851214858
1.0 0.30425880425880436 0.20748020748020746 0.061425061425061434 0.13249613249613248
0.0 0.3562653562653562 0.13395213395213393 0.04586404586404591 0.12812812812812813
0.0 0.4635544635544636 0.11065611065611067 0.031122031122031213 0.0698880698880699
0.0 0.41564291564291567 0.16744016744016743 0.06470106470106468 0.11356811356811358
1.0 0.4037674037674036 0.25916825916825914 0.0753480753480753 0.1281281281281282
1.0 0.3710073710073709 0.3836563836563837 0.08681408681408681 0.1790881790881792
1.0 0.31490581490581493 0.6144326144326144 0.09090909090909088 0.26790426790426786
1.0 0.6203931203931203 0.055328055328055334 0.05814905814905813 0.06697606697606698
1.0 0.6269451269451269 0.16016016016016013 0.05487305487305483 0.16889616889616887
1.0 0.6519246519246519 0.25989625989626 0.09336609336609336 0.1936481936481936
0.0 0.6425061425061425 0.4105924105924107 0.08108108108108081 0.17763217763217753
0.0 0.6457821457821455 0.6319046319046321 0.09746109746109755 0.26208026208026225
0.0 0.7424242424242424 0.08663208663208663 0.04668304668304668 0.12084812084812084
1.0 0.7977067977067978 0.11793611793611794 0.05569205569205549 0.11939211939211941
1.0 0.8144963144963147 0.2475202475202475 0.07780507780507773 0.19801619801619802
0.0 0.8562653562653564 0.41568841568841564 0.08108108108108125 0.14414414414414406
1.0 0.8808353808353813 0.5831285831285828 0.09418509418509347 0.3217763217763217
0.0 0.9250614250614252 0.082992082992083 0.04504504504504503 0.11939211939211941
