1.0 0.22194922194922195 0.14050414050414053 0.039312039312039304 0.08881608881608888
1.0 0.1609336609336609 0.23223223223223222 0.043407043407043405 0.08590408590408585
0.0 0.13267813267813267 0.18636818636818636 0.047502047502047465 0.09609609609609612
0.0 0.06511056511056511 0.3938483938483939 0.056511056511056486 0.08881608881608877
0.0 0.15274365274365276 0.6770406770406769 0.09909909909909911 0.1572481572481571
0.0 0.20515970515970516 0.4200564200564201 0.06470106470106468 0.17908817908817903
0.0 0.2714987714987715 0.30794430794430794 0.07125307125307123 0.14705614705614709
1.0 0.3083538083538084 0.20384020384020385 0.07452907452907453 0.12812812812812813
0.0 0.3587223587223587 0.1354081354081354 0.04914004914004916 0.1281281281281281
0.0 0.4172809172809172 0.16380016380016382 0.06633906633906633 0.10920010920010921
0.0 0.4639639639639638 0.10920010920010918 0.030303030303030276 0.08444808444808441
1.0 0.3951678951678952 0.2700882700882701 0.07289107289107277 0.1295841295841296
1.0 0.36773136773136766 0.37928837928837933 0.06879606879606881 0.19656019656019658
1.0 0.31572481572481575 0.6035126035126034 0.09582309582309578 0.24606424606424632
0.0 0.644144144144144 0.6326326326326327 0.09909909909909909 0.2693602693602695
0.0 0.6466011466011465 0.4113204113204113 0.09418509418509413 0.18491218491218492
1.0 0.6347256347256347 0.248976248976249 0.08026208026208037 0.18928018928018936
1.0 0.6306306306306293 0.12448812448812449 0.05569205569205571 0.06260806260806263
1.0 0.617936117936118 0.0495040495040495 0.051597051597051635 0.08736008736008734
0.0 0.7399672399672401 0.0888160888160888 0.04832104832104844 0.12521612521612518
1.0 0.7784602784602784 0.1324961324961325 0.0532350532350534 0.1252161252161252
1.0 0.8091728091728092 0.248976248976249 0.06879606879606892 0.2067522067522068
0.0 0.861998361998362 0.4084084084084084 0.053235053235053065 0.1674401674401675
1.0 0.8910728910728911 0.5627445627445626 0.07534807534807542 0.2897442897442897
0.0 0.9291564291564292 0.08444808444808445 0.05814905814905824 0.1252161252161252
