1.0 0.217035217035217 0.13468013468013468 0.05733005733005733 0.08881608881608875
1.0 0.17199017199017202 0.20675220675220674 0.04586404586404588 0.08444808444808444
0.0 0.13185913185913184 0.19292019292019308 0.04422604422604423 0.08590408590408594
0.0 0.10114660114660115 0.3297843297843298 0.05487305487305487 0.07716807716807716
1.0 0.05569205569205567 0.3909363909363911 0.06388206388206388 0.11502411502411541
0.0 0.15479115479115463 0.6777686777686773 0.08517608517608496 0.13832013832013812
0.0 0.20720720720720726 0.42151242151242174 0.062244062244062176 0.1645281645281646
1.0 0.25962325962325966 0.2897442897442898 0.06388206388206397 0.15142415142415147
1.0 0.30139230139230133 0.20748020748020748 0.0638820638820638 0.10628810628810631
0.0 0.3583128583128583 0.13395213395213396 0.046683046683046736 0.1252161252161252
0.0 0.46805896805896796 0.10264810264810265 0.03849303849303842 0.06843206843206844
0.0 0.4242424242424242 0.16234416234416235 0.07371007371007365 0.09172809172809172
1.0 0.4148239148239148 0.26936026936026936 0.07125307125307129 0.1426881426881427
1.0 0.36363636363636365 0.3734643734643735 0.06879606879606881 0.1790881790881792
1.0 0.3247338247338246 0.6173446173446172 0.07452907452907453 0.2446082446082447
0.0 0.6416871416871417 0.6282646282646283 0.09090909090909083 0.26062426062426064
0.0 0.6494676494676495 0.406952406952407 0.08353808353808356 0.1907361907361907
1.0 0.6437346437346437 0.22422422422422422 0.07371007371007376 0.17472017472017473
1.0 0.633497133497133 0.12084812084812076 0.048321048321048554 0.08153608153608152
1.0 0.6183456183456177 0.058968058968058984 0.05077805077805053 0.08299208299208305
1.0 0.7841932841932844 0.12084812084812077 0.040131040131040074 0.11648011648011646
0.0 0.744881244881245 0.09318409318409318 0.051597051597051746 0.1193921193921194
1.0 0.8075348075348074 0.2540722540722541 0.06552006552006528 0.19364819364819358
0.0 0.859131859131859 0.4178724178724179 0.08190008190008169 0.15724815724815733
0.0 0.9135954135954134 0.07862407862407864 0.038493038493038534 0.10774410774410777
1.0 0.8959868959868957 0.5685685685685682 0.10810810810810823 0.30721630721630727
