0.0 0.13554463554463553 0.1943761943761944 0.05814905814905816 0.09755209755209757
0.0 0.21048321048321053 0.1426881426881427 0.04914004914004916 0.07571207571207568
1.0 0.18509418509418507 0.2009282009282009 0.03603603603603603 0.06988806988806986
0.0 0.11343161343161343 0.3297843297843298 0.04668304668304668 0.082992082992083
1.0 0.04504504504504505 0.41932841932841924 0.05896805896805898 0.11065611065611064
0.0 0.16298116298116297 0.6384566384566386 0.08353808353808351 0.1499681499681501
1.0 0.2035217035217035 0.4236964236964237 0.10728910728910726 0.19801619801619808
1.0 0.2559377559377559 0.28173628173628174 0.07289107289107288 0.17035217035217035
0.0 0.3153153153153153 0.21403221403221406 0.050778050778050754 0.12521612521612527
0.0 0.3452088452088452 0.15506415506415505 0.03849303849303848 0.12376012376012378
0.0 0.46601146601146604 0.10992810992810993 0.0491400491400491 0.07716807716807719
0.0 0.4185094185094185 0.16598416598416602 0.06879606879606881 0.10192010192010192
1.0 0.3951678951678952 0.3035763035763036 0.06633906633906633 0.15870415870415872
1.0 0.355036855036855 0.406952406952407 0.07944307944307938 0.20820820820820823
0.0 0.3165438165438166 0.5722085722085722 0.07944307944307943 0.2096642096642098
1.0 0.6208026208026208 0.06406406406406406 0.05733005733005725 0.09027209027209027
1.0 0.617936117936118 0.17399217399217398 0.06961506961506958 0.16161616161616166
0.0 0.6543816543816545 0.27445627445627446 0.09664209664209666 0.14123214123214126
0.0 0.6457821457821458 0.4200564200564201 0.07944307944307916 0.18491218491218492
0.0 0.644963144963145 0.6319046319046319 0.10237510237510239 0.24752024752024737
0.0 0.8030303030303029 0.5751205751205752 0.11547911547911505 0.26499226499226497
0.0 0.8742833742833744 0.4418964418964419 0.08108108108108103 0.21403221403221406
1.0 0.8112203112203114 0.2103922103922104 0.07125307125307112 0.13832013832013834
1.0 0.7813267813267813 0.13686413686413684 0.04750204750204756 0.1019201019201019
0.0 0.7473382473382473 0.08153608153608154 0.05487305487305483 0.1164801164801165
0.0 0.9275184275184274 0.08736008736008737 0.05978705978705978 0.12230412230412231
