0.0 0.21744471744471747 0.15943215943215944 0.04340704340704343 0.07425607425607424
0.0 0.13390663390663393 0.1921921921921922 0.04668304668304671 0.07280007280007278
1.0 0.16707616707616707 0.21767221767221767 0.04586404586404583 0.11211211211211211
0.0 0.12121212121212113 0.31959231959231954 0.05569205569205571 0.08008008008008005
0.0 0.042178542178542174 0.44044044044044045 0.05487305487305487 0.10046410046410048
1.0 0.1285831285831286 0.5969605969605969 0.11466011466011466 0.19801619801619802
1.0 0.2170352170352169 0.40913640913640914 0.07043407043407035 0.2009282009282009
1.0 0.24733824733824733 0.28100828100828107 0.06388206388206386 0.10192010192010192
1.0 0.30384930384930386 0.21112021112021112 0.06552006552006556 0.1368641368641369
1.0 0.33333333333333337 0.12230412230412231 0.06552006552006556 0.09609609609609612
0.0 0.4553644553644553 0.10483210483210484 0.052416052416052406 0.08444808444808445
1.0 0.43529893529893526 0.17617617617617617 0.06470106470106468 0.1485121485121485
0.0 0.40335790335790334 0.2708162708162708 0.06306306306306314 0.11939211939211941
1.0 0.3804258804258804 0.3843843843843844 0.07289107289107288 0.1921921921921922
2.0 0.30425880425880425 0.46446446446446443 0.06797706797706793 0.16889616889616893
1.0 0.3087633087633087 0.6166166166166164 0.0753480753480752 0.26353626353626347
0.0 0.6384111384111385 0.6144326144326144 0.09254709254709259 0.2795522795522796
0.0 0.6425061425061425 0.38948038948038954 0.08599508599508587 0.19656019656019658
1.0 0.6171171171171165 0.23514423514423513 0.10892710892710933 0.14996814996814972
1.0 0.6302211302211302 0.12303212303212302 0.05978705978705978 0.10046410046410043
0.0 0.6150696150696151 0.07498407498407506 0.0327600327600327 0.09172809172809182
0.0 0.757985257985258 0.08736008736008737 0.05814905814905813 0.12230412230412231
1.0 0.8091728091728092 0.2518882518882519 0.07207207207207211 0.19219219219219222
0.0 0.8533988533988532 0.390936390936391 0.06388206388206363 0.19947219947219946
0.0 0.8865683865683864 0.6086086086086084 0.0892710892710894 0.23296023296023283
1.0 0.9193284193284192 0.07498407498407497 0.03849303849303842 0.11502411502411501
