1.0 0.21744471744471747 0.14632814632814634 0.056511056511056534 0.06843206843206842
0.0 0.13063063063063063 0.19146419146419147 0.04995904995904997 0.08590408590408591
1.0 0.18018018018018017 0.21912821912821911 0.045864045864045855 0.0888160888160888
0.0 0.10524160524160524 0.3326963326963326 0.06797706797706796 0.08881608881608877
1.0 0.055282555282555254 0.3938483938483939 0.06633906633906633 0.1354081354081354
0.0 0.15028665028665028 0.6784966784966784 0.10401310401310403 0.11939211939211947
0.0 0.21171171171171174 0.4171444171444172 0.05487305487305488 0.17908817908817914
0.0 0.27477477477477474 0.3064883064883065 0.07125307125307118 0.14705614705614703
1.0 0.303030303030303 0.19801619801619802 0.07207207207207206 0.10774410774410778
0.0 0.35626535626535627 0.13468013468013468 0.054054054054054 0.12376012376012374
0.0 0.46273546273546273 0.10992810992810992 0.0491400491400491 0.06843206843206844
0.0 0.4213759213759214 0.16161616161616157 0.06961506961506969 0.10192010192010188
1.0 0.4152334152334152 0.2613522613522613 0.09500409500409501 0.11793611793611791
1.0 0.36732186732186733 0.3945763945763946 0.07780507780507773 0.2038402038402038
1.0 0.3075348075348075 0.5947765947765948 0.07780507780507773 0.26936026936026924
0.0 0.6445536445536446 0.6348166348166348 0.09336609336609347 0.27372827372827363
0.0 0.6502866502866502 0.4076804076804077 0.09009009009009006 0.16889616889616893
1.0 0.6228501228501228 0.05532805532805533 0.05651105651105648 0.0728000728000728
1.0 0.6261261261261262 0.17035217035217035 0.05651105651105659 0.1747201747201747
1.0 0.6638001638001629 0.25334425334425326 0.08435708435708433 0.18636818636818622
1.0 0.7518427518427518 0.15652015652015655 0.06552006552006562 0.13832013832013834
0.0 0.7473382473382473 0.061152061152061156 0.05814905814905813 0.06988806988806988
1.0 0.8124488124488125 0.2518882518882518 0.06879606879606881 0.22713622713622705
0.0 0.8562653562653562 0.4113204113204113 0.06306306306306297 0.15870415870415872
1.0 0.8832923832923835 0.5707525707525699 0.09582309582309545 0.28537628537628484
0.0 0.9258804258804261 0.082992082992083 0.05487305487305483 0.11939211939211941
