0.0 0.20884520884520888 0.15579215579215577 0.045864045864045855 0.05532805532805535
1.0 0.18181818181818182 0.20092820092820093 0.040950040950040956 0.09027209027209027
0.0 0.13554463554463553 0.1921921921921922 0.04832104832104832 0.10483210483210478
0.0 0.1158886158886159 0.3261443261443262 0.046683046683046694 0.09027209027209021
1.0 0.04381654381654382 0.42515242515242513 0.056511056511056514 0.09900809900809898
0.0 0.16011466011466008 0.653016653016653 0.10073710073710078 0.1266721266721268
1.0 0.20106470106470103 0.42588042588042585 0.10401310401310393 0.17908817908817903
1.0 0.25757575757575757 0.27227227227227224 0.05814905814905805 0.16016016016016013
0.0 0.3161343161343162 0.2125762125762125 0.047502047502047506 0.12812812812812802
0.0 0.3464373464373464 0.1456001456001456 0.039312039312039304 0.11356811356811353
0.0 0.4610974610974612 0.1011921011921012 0.0409500409500409 0.07716807716807718
0.0 0.41605241605241605 0.16161616161616166 0.07207207207207211 0.10483210483210488
1.0 0.3955773955773956 0.29556829556829556 0.0671580671580671 0.12812812812812807
1.0 0.35831285831285836 0.39603239603239604 0.09746109746109743 0.1921921921921922
0.0 0.31449631449631454 0.5671125671125669 0.08517608517608538 0.1936481936481937
1.0 0.6265356265356266 0.05023205023205023 0.05405405405405406 0.082992082992083
1.0 0.6203931203931203 0.17108017108017107 0.05487305487305483 0.15288015288015283
0.0 0.6568386568386568 0.28100828100828096 0.09500409500409501 0.131040131040131
0.0 0.6375921375921376 0.4200564200564201 0.06797706797706782 0.16744016744016738
0.0 0.642915642915643 0.6246246246246246 0.09336609336609336 0.23587223587223582
0.0 0.8091728091728092 0.5685685685685686 0.09991809991809997 0.27227227227227235
0.0 0.8726453726453727 0.4411684411684411 0.072891072891073 0.2009282009282009
1.0 0.8149058149058148 0.20238420238420224 0.06552006552006562 0.14268814268814267
1.0 0.7833742833742834 0.1456001456001456 0.053235053235053176 0.11648011648011646
0.0 0.7452907452907453 0.08663208663208664 0.040950040950040845 0.11211211211211213
0.0 0.9266994266994268 0.08808808808808809 0.051597051597051746 0.12376012376012376
