0.0 0.13267813267813267 0.19656019656019658 0.04095004095004093 0.07862407862407861
0.0 0.21908271908271912 0.1645281645281645 0.05323505323505323 0.06988806988806986
1.0 0.16830466830466836 0.20602420602420599 0.04995904995904993 0.1092001092001092
0.0 0.11957411957411959 0.31740831740831743 0.040950040950040956 0.07571207571207572
0.0 0.04586404586404587 0.4397124397124397 0.05733005733005733 0.10774410774410775
1.0 0.12776412776412777 0.6093366093366093 0.11793611793611793 0.20529620529620518
1.0 0.21785421785421788 0.406952406952407 0.07698607698607696 0.20820820820820823
1.0 0.2452907452907453 0.28537628537628534 0.06142506142506146 0.14560014560014561
1.0 0.2956592956592955 0.20820820820820818 0.05241605241605235 0.12812812812812813
1.0 0.33005733005733007 0.12230412230412231 0.06879606879606881 0.09900809900809901
1.0 0.3153153153153153 0.6144326144326143 0.07043407043407046 0.2416962416962416
1.0 0.36936936936936937 0.38875238875238854 0.07698607698607679 0.20384020384020363
0.0 0.4082719082719083 0.2722722722722723 0.05487305487305488 0.12521612521612516
1.0 0.4316134316134316 0.1696241696241696 0.05241605241605257 0.12958412958412951
0.0 0.46191646191646185 0.10046410046410047 0.04258804258804266 0.0902720902720903
0.0 0.6412776412776413 0.6115206115206115 0.08681408681408687 0.2620802620802621
0.0 0.6384111384111384 0.374920374920375 0.07125307125307134 0.1878241878241878
1.0 0.6281736281736281 0.11502411502411503 0.050778050778050754 0.08153608153608155
1.0 0.6306306306306305 0.22786422786422791 0.06552006552006584 0.12376012376012374
0.0 0.7567567567567568 0.08881608881608882 0.05733005733005747 0.11648011648011648
1.0 0.7989352989352989 0.24679224679224682 0.06633906633906639 0.182000182000182
0.0 0.8873873873873874 0.612976612976613 0.09582309582309578 0.235872235872236
0.0 0.8656838656838657 0.40040040040040037 0.06715806715806727 0.22422422422422422
1.0 0.9144144144144144 0.07571207571207571 0.040131040131040296 0.11939211939211938
