0.0 0.3579033579033579 0.13468013468013468 0.05405405405405411 0.12084812084812085
1.0 0.22604422604422603 0.13686413686413687 0.054054054054053974 0.07571207571207574
0.0 0.13595413595413594 0.19510419510419508 0.058968058968058956 0.08444808444808444
1.0 0.18591318591318595 0.21112021112021112 0.04095004095004093 0.09609609609609612
0.0 0.10442260442260443 0.3326963326963327 0.06306306306306304 0.08299208299208294
1.0 0.04668304668304668 0.43534443534443534 0.06388206388206388 0.0960960960960961
0.0 0.16339066339066338 0.671944671944672 0.07289107289107286 0.17035217035217043
1.0 0.20393120393120395 0.4244244244244244 0.06715806715806713 0.1907361907361908
1.0 0.2616707616707617 0.28246428246428246 0.05651105651105651 0.16016016016016016
1.0 0.2981162981162981 0.19583219583219585 0.06060606060606066 0.10337610337610342
0.0 0.46601146601146604 0.1092001092001092 0.039312039312039415 0.07862407862407861
0.0 0.425061425061425 0.17544817544817548 0.07698607698607696 0.12084812084812083
0.0 0.411957411957412 0.2657202657202657 0.06224406224406226 0.10628810628810625
1.0 0.37223587223587223 0.38948038948038943 0.06470106470106474 0.1994721994721994
0.0 0.3239148239148239 0.5758485758485757 0.07616707616707619 0.19947219947219946
0.0 0.6437346437346438 0.6275366275366275 0.09500409500409501 0.2591682591682593
0.0 0.6453726453726454 0.40404040404040403 0.09009009009009006 0.1994721994721994
1.0 0.6236691236691233 0.2475202475202475 0.06961506961506969 0.19510419510419502
1.0 0.6216216216216217 0.1252161252161252 0.050778050778050754 0.06406406406406408
0.0 0.6265356265356261 0.06552006552006545 0.06388206388206397 0.06697606697606687
0.0 0.7461097461097461 0.08736008736008737 0.052416052416052406 0.1252161252161252
1.0 0.7858312858312859 0.12303212303212305 0.04340704340704338 0.10628810628810631
1.0 0.8026208026208026 0.25552825552825553 0.0589680589680589 0.182000182000182
0.0 0.8554463554463552 0.40986440986440986 0.06961506961506958 0.15870415870415855
1.0 0.9086814086814088 0.562016562016562 0.10892710892710888 0.26790426790426786
0.0 0.9180999180999176 0.06988806988806984 0.039312039312039304 0.08444808444808434
