0.0 0.21375921375921375 0.15797615797615797 0.0491400491400491 0.07425607425607426
1.0 0.17321867321867307 0.21985621985621984 0.05978705978705978 0.10192010192010195
0.0 0.13144963144963143 0.18709618709618708 0.04995904995904993 0.08008008008008005
0.0 0.11916461916461915 0.3166803166803167 0.05651105651105648 0.07716807716807722
0.0 0.04873054873054874 0.4411684411684412 0.059787059787059796 0.09318409318409321
1.0 0.13104013104013104 0.5976885976885976 0.11302211302211301 0.20820820820820818
1.0 0.22235872235872237 0.4076804076804076 0.07616707616707613 0.2009282009282009
1.0 0.2473382473382473 0.2824642824642821 0.06879606879606875 0.11065611065611061
1.0 0.3034398034398035 0.20748020748020746 0.06797706797706798 0.12667212667212666
1.0 0.3321048321048321 0.12230412230412231 0.06470106470106468 0.10483210483210484
0.0 0.45495495495495497 0.09900809900809902 0.05487305487305483 0.07862407862407864
1.0 0.42915642915642926 0.1696241696241695 0.05569205569205549 0.13832013832013806
0.0 0.4111384111384112 0.2715442715442715 0.0671580671580671 0.11793611793611797
1.0 0.37592137592137587 0.38802438802438804 0.07534807534807536 0.19656019656019663
1.0 0.312039312039312 0.6144326144326144 0.08845208845208852 0.23587223587223577
2.0 0.304668304668304 0.4368004368004356 0.06224406224406165 0.11356811356811558
0.0 0.6281736281736282 0.06188006188006187 0.060606060606060774 0.07425607425607425
1.0 0.6306306306306306 0.12157612157612158 0.06060606060606055 0.1062881062881063
1.0 0.6220311220311221 0.24315224315224315 0.08435708435708433 0.16598416598416596
0.0 0.6408681408681409 0.3938483938483939 0.0794430794430796 0.214032214032214
0.0 0.6375921375921376 0.6115206115206114 0.09909909909909909 0.27372827372827374
0.0 0.8877968877968877 0.6158886158886159 0.10647010647010657 0.23004823004823016
0.0 0.8640458640458641 0.4011284011284011 0.0819000819000818 0.20820820820820818
1.0 0.8165438165438166 0.2540722540722541 0.08517608517608533 0.17326417326417332
0.0 0.76003276003276 0.09172809172809171 0.05569205569205571 0.11939211939211936
1.0 0.9156429156429158 0.07425607425607425 0.05405405405405406 0.11648011648011647
