0.0 0.14004914004914004 0.1878241878241878 0.058968058968058956 0.0902720902720903
0.0 0.2113022113022113 0.14996814996814994 0.047502047502047506 0.0698880698880699
1.0 0.18714168714168714 0.20311220311220307 0.040131040131040074 0.07716807716807708
0.0 0.11834561834561833 0.31740831740831743 0.04995904995904997 0.08153608153608155
1.0 0.044635544635544644 0.42588042588042585 0.06470106470106471 0.09755209755209754
0.0 0.34725634725634724 0.14705614705614706 0.036036036036036 0.1223041223041223
0.0 0.3185913185913186 0.21912821912821911 0.06060606060606055 0.13832013832013831
1.0 0.26126126126126126 0.2919282919282919 0.06060606060606061 0.17617617617617617
1.0 0.2092547092547093 0.42588042588042585 0.10565110565110572 0.2315042315042315
1.0 0.1592956592956593 0.6457366457366456 0.09746109746109745 0.13832013832013823
0.0 0.4676494676494677 0.10264810264810266 0.034398034398034405 0.07425607425607425
0.0 0.4168714168714168 0.1608881608881609 0.07371007371007371 0.0975520975520976
1.0 0.398034398034398 0.2904722904722905 0.072072072072072 0.13249613249613257
1.0 0.3546273546273546 0.3938483938483939 0.08517608517608521 0.1936481936481937
0.0 0.3194103194103194 0.5736645736645736 0.07371007371007376 0.2067522067522069
1.0 0.6113841113841113 0.05605605605605605 0.061425061425061545 0.10337610337610335
1.0 0.613022113022113 0.16744016744016743 0.07125307125307134 0.1514241514241514
0.0 0.6527436527436528 0.27955227955227957 0.09991809991809997 0.13977613977613976
0.0 0.6416871416871417 0.4018564018564019 0.07780507780507806 0.17180817180817176
0.0 0.6461916461916462 0.6304486304486304 0.09991809991809986 0.2649922649922651
0.0 0.8026208026208026 0.5671125671125671 0.11957411957411945 0.26936026936026924
0.0 0.8685503685503686 0.43680043680043684 0.07780507780507773 0.18054418054418064
1.0 0.8116298116298117 0.2023842023842024 0.06388206388206397 0.14268814268814267
1.0 0.7817362817362817 0.1434161434161434 0.04668304668304679 0.10920010920010917
0.0 0.7432432432432432 0.08444808444808444 0.04668304668304668 0.11648011648011646
0.0 0.9254709254709255 0.08808808808808807 0.06552006552006562 0.12084812084812084
