0.0 0.21375921375921378 0.14778414778414767 0.06388206388206391 0.06843206843206842
1.0 0.19656019656019658 0.21112021112021112 0.06715806715806713 0.08736008736008738
0.0 0.13759213759213756 0.1943761943761944 0.05569205569205568 0.09464009464009471
0.0 0.12325962325962327 0.32323232323232326 0.06470106470106471 0.07862407862407872
1.0 0.047502047502047506 0.4200564200564201 0.07371007371007371 0.10046410046410043
0.0 0.15315315315315314 0.6442806442806444 0.10974610974610972 0.13249613249613257
0.0 0.2027027027027027 0.4491764491764492 0.0581490581490581 0.16161616161616166
1.0 0.26535626535626533 0.2933842933842934 0.06224406224406226 0.18200018200018203
0.0 0.32063882063882065 0.21476021476021473 0.05978705978705984 0.12667212667212666
0.0 0.34684684684684686 0.14778414778414778 0.04013104013104013 0.11502411502411505
0.0 0.4615069615069615 0.11575211575211575 0.04668304668304668 0.09464009464009464
0.0 0.420966420966421 0.16234416234416232 0.07862407862407855 0.10628810628810624
1.0 0.35544635544635544 0.4076804076804077 0.09500409500409501 0.22422422422422428
1.0 0.4045864045864046 0.29120029120029123 0.07371007371007376 0.16307216307216302
0.0 0.32391482391482396 0.5882245882245882 0.09418509418509419 0.20966420966420968
0.0 0.6486486486486489 0.6348166348166349 0.09500409500409435 0.2649922649922649
0.0 0.644963144963145 0.41787241787241786 0.08108108108108103 0.17180817180817176
0.0 0.6576576576576578 0.281008281008281 0.08681408681408687 0.16016016016016013
1.0 0.6183456183456183 0.17690417690417692 0.0458640458640458 0.14123214123214128
1.0 0.6232596232596233 0.0626080626080626 0.05405405405405406 0.09900809900809901
0.0 0.7481572481572482 0.08372008372008373 0.04832104832104833 0.12376012376012377
1.0 0.782964782964783 0.14560014560014561 0.052416052416052406 0.11939211939211941
1.0 0.8099918099918101 0.2249522249522249 0.08026208026208015 0.18782418782418764
0.0 0.8705978705978705 0.43898443898443895 0.08845208845208852 0.20529620529620524
0.0 0.8042588042588042 0.5787605787605784 0.11302211302211296 0.2722722722722721
0.0 0.9275184275184276 0.08517608517608519 0.06142506142506132 0.12667212667212668
