0.0 0.13390663390663388 0.19000819000819003 0.054873054873054855 0.08881608881608882
1.0 0.22276822276822278 0.13832013832013831 0.06715806715806716 0.0931840931840932
1.0 0.1707616707616707 0.21840021840021828 0.033579033579033496 0.10192010192010181
0.0 0.10360360360360361 0.32468832468832465 0.048321048321048304 0.09609609609609604
1.0 0.05978705978705978 0.3916643916643916 0.05733005733005733 0.10483210483210476
0.0 0.15601965601965603 0.6770406770406769 0.085995085995086 0.14268814268814267
0.0 0.20515970515970522 0.42296842296842296 0.054873054873054744 0.1674401674401675
1.0 0.2608517608517608 0.29556829556829556 0.05978705978705978 0.16598416598416604
1.0 0.30057330057330056 0.21257621257621256 0.06224406224406226 0.11648011648011647
0.0 0.3558558558558559 0.13904813904813906 0.04832104832104833 0.1324961324961325
0.0 0.4668304668304668 0.10920010920010914 0.034398034398034294 0.08444808444808438
0.0 0.41973791973791974 0.15652015652015652 0.06797706797706793 0.07716807716807718
1.0 0.40950040950040956 0.2591682591682591 0.0704340704340704 0.1164801164801165
1.0 0.36650286650286656 0.3814723814723815 0.072891072891073 0.1951041951041952
1.0 0.31941031941031944 0.6056966056966058 0.0851760851760851 0.21840021840021845
1.0 0.6187551187551188 0.050960050960050955 0.049959049959049984 0.07862407862407862
1.0 0.6339066339066339 0.12448812448812449 0.04750204750204767 0.082992082992083
1.0 0.6175266175266175 0.2395122395122395 0.08517608517608521 0.19073619073619072
0.0 0.644963144963145 0.40331240331240337 0.08435708435708433 0.20092820092820102
0.0 0.6425061425061425 0.6333606333606332 0.10073710073710063 0.25625625625625614
0.0 0.742014742014742 0.08226408226408226 0.04258804258804272 0.12376012376012376
1.0 0.7837837837837835 0.1295841295841296 0.03603603603603578 0.12230412230412231
1.0 0.8067158067158067 0.25916825916825914 0.06552006552006562 0.20092820092820085
0.0 0.8538083538083537 0.4200564200564201 0.05814905814905802 0.1645281645281645
1.0 0.9013104013104011 0.5663845663845662 0.10728910728910712 0.3261443261443258
0.0 0.9209664209664211 0.07789607789607789 0.04504504504504503 0.11502411502411501
