1.0 0.18673218673218672 0.21112021112021112 0.050778050778050754 0.07862407862407861
0.0 0.20843570843570844 0.15215215215215216 0.04013104013104013 0.07425607425607425
0.0 0.11670761670761669 0.31740831740831743 0.05651105651105651 0.08736008736008744
1.0 0.043407043407043405 0.4200564200564203 0.058968058968058956 0.10046410046410043
0.0 0.1466011466011466 0.6340886340886338 0.10155610155610148 0.14996814996814967
0.0 0.19860769860769867 0.4520884520884523 0.05978705978705989 0.18782418782418792
1.0 0.2637182637182637 0.2948402948402948 0.058968058968058956 0.18200018200018195
0.0 0.3157248157248157 0.21694421694421695 0.05323505323505323 0.11648011648011647
0.0 0.3452088452088452 0.15433615433615433 0.04013104013104013 0.11648011648011647
0.0 0.46273546273546273 0.10992810992810993 0.03276003276003281 0.08008008008008008
0.0 0.41564291564291567 0.15797615797615797 0.06142506142506132 0.10046410046410048
1.0 0.4045864045864046 0.29120029120029123 0.07698607698607701 0.14851214851214856
1.0 0.35544635544635544 0.3974883974883975 0.07698607698607696 0.19510419510419508
0.0 0.3230958230958231 0.572936572936573 0.08763308763308769 0.19947219947219952
1.0 0.61998361998362 0.05896805896805893 0.052416052416052294 0.08881608881608874
0.0 0.13677313677313677 0.19292019292019297 0.04750204750204749 0.07716807716807719
1.0 0.6236691236691236 0.16962416962416962 0.04832104832104822 0.1616161616161616
0.0 0.6605241605241605 0.2780962780962781 0.08435708435708444 0.13686413686413682
0.0 0.6367731367731367 0.4236964236964234 0.07125307125307145 0.17472017472017443
0.0 0.6412776412776406 0.6231686231686234 0.08845208845208796 0.2591682591682593
0.0 0.7997542997542999 0.599144599144599 0.09909909909909898 0.28392028392028384
0.0 0.8697788697788698 0.44262444262444256 0.07534807534807542 0.2038402038402038
0.0 0.7465192465192465 0.08226408226408227 0.053235053235053176 0.13832013832013834
1.0 0.7825552825552826 0.14560014560014561 0.049959049959050095 0.131040131040131
1.0 0.8099918099918094 0.2249522249522249 0.0917280917280916 0.18200018200018178
0.0 0.9262899262899263 0.0808080808080808 0.05896805896805879 0.12667212667212668
