1.0 0.22563472563472564 0.14123214123214123 0.053235053235053204 0.09027209027209024
0.0 0.13308763308763308 0.18200018200018203 0.05814905814905817 0.07280007280007281
1.0 0.16339066339066338 0.23368823368823366 0.05159705159705161 0.10046410046410045
1.0 0.0773955773955774 0.3625443625443625 0.07125307125307126 0.11065611065611064
0.0 0.14250614250614252 0.6865046865046864 0.11793611793611794 0.13249613249613257
0.0 0.21089271089271092 0.4331604331604332 0.05323505323505323 0.15579215579215577
0.0 0.2792792792792793 0.31449631449631443 0.06388206388206391 0.14268814268814264
1.0 0.3095823095823096 0.21476021476021476 0.06879606879606881 0.1383201383201383
0.0 0.35872235872235875 0.13904813904813906 0.050778050778050976 0.12376012376012376
0.0 0.4631449631449631 0.11138411138411139 0.04013104013104013 0.08881608881608882
0.0 0.4279279279279279 0.1761761761761762 0.08271908271908268 0.12230412230412227
1.0 0.39885339885339877 0.2664482664482664 0.0982800982800982 0.10483210483210478
1.0 0.373054873054873 0.3814723814723815 0.09090909090909094 0.17472017472017476
1.0 0.3226863226863227 0.6056966056966058 0.09664209664209661 0.25043225043225054
1.0 0.6187551187551188 0.05678405678405679 0.05814905814905813 0.10774410774410775
1.0 0.6265356265356262 0.15652015652015652 0.05733005733005725 0.12376012376012378
1.0 0.6347256347256347 0.26062426062426064 0.08026208026208037 0.19219219219219227
0.0 0.6437346437346437 0.42078442078442113 0.08353808353808323 0.18345618345618347
0.0 0.6441441441441442 0.6304486304486305 0.09090909090909094 0.26790426790426786
1.0 0.8083538083538084 0.256984256984257 0.08190008190008202 0.21403221403221398
0.0 0.7416052416052417 0.08590408590408591 0.04995904995904987 0.12812812812812813
1.0 0.7858312858312859 0.12376012376012374 0.049959049959049984 0.1193921193921194
0.0 0.8595413595413595 0.41568841568841575 0.06797706797706793 0.1616161616161617
1.0 0.886977886977887 0.5787605787605787 0.0851760851760851 0.278096278096278
0.0 0.922194922194922 0.08808808808808809 0.0491400491400491 0.10628810628810628
