0.0 0.13390663390663393 0.19364819364819363 0.04668304668304671 0.0902720902720903
1.0 0.22440622440622437 0.13904813904813906 0.05569205569205568 0.07134407134407135
1.0 0.17567567567567569 0.21985621985621986 0.045045045045045085 0.08153608153608155
0.0 0.1076986076986077 0.33415233415233414 0.06633906633906633 0.08590408590408588
1.0 0.04791154791154791 0.422968422968423 0.06961506961506962 0.10920010920010925
0.0 0.1597051597051597 0.6763126763126763 0.08026208026208023 0.1499681499681501
0.0 0.20802620802620803 0.42296842296842296 0.06552006552006548 0.17326417326417326
0.0 0.276003276003276 0.3072163072163072 0.06388206388206388 0.14851214851214853
1.0 0.3054873054873055 0.2052962052962053 0.062244062244062315 0.12521612521612524
0.0 0.3587223587223587 0.14123214123214123 0.04914004914004916 0.11648011648011644
0.0 0.46519246519246527 0.11065611065611065 0.04095004095004101 0.0757120757120757
0.0 0.42547092547092547 0.16307216307216307 0.07944307944307943 0.09027209027209028
1.0 0.40704340704340713 0.26135226135226125 0.0753480753480753 0.1383201383201382
1.0 0.3705978705978705 0.3858403858403858 0.07125307125307129 0.20675220675220668
1.0 0.31326781326781283 0.6129766129766121 0.08927108927108918 0.23587223587223527
0.0 0.644144144144144 0.628992628992629 0.09746109746109732 0.26499226499226475
0.0 0.6502866502866503 0.4186004186004185 0.09336609336609336 0.19947219947219946
1.0 0.6556101556101557 0.2598962598962599 0.08435708435708422 0.18491218491218497
1.0 0.6224406224406225 0.15360815360815355 0.04750204750204745 0.12958412958412954
1.0 0.6171171171171171 0.05605605605605606 0.05814905814905824 0.07716807716807718
0.0 0.7403767403767404 0.08372008372008372 0.03439803439803435 0.11793611793611793
1.0 0.7833742833742834 0.12084812084812088 0.05814905814905802 0.12812812812812818
1.0 0.8144963144963144 0.2395122395122395 0.06961506961506947 0.19364819364819363
0.0 0.8521703521703522 0.41350441350441347 0.07452907452907453 0.15142415142415133
1.0 0.886977886977887 0.5642005642005642 0.08681408681408675 0.2926562926562928
0.0 0.9279279279279279 0.08153608153608155 0.05569205569205571 0.12812812812812813
