1.0 0.223996723996724 0.131040131040131 0.05651105651105648 0.07571207571207571
1.0 0.16994266994266993 0.21548821548821548 0.048321048321048304 0.08736008736008732
0.0 0.13431613431613432 0.19656019656019658 0.04586404586404587 0.08153608153608152
0.0 0.10524160524160524 0.32687232687232687 0.061425061425061406 0.08008008008008005
1.0 0.057330057330057325 0.4011284011284011 0.06388206388206387 0.12376012376012374
0.0 0.15683865683865683 0.6763126763126763 0.08435708435708437 0.1528801528801529
0.0 0.20393120393120395 0.4244244244244244 0.05733005733005733 0.1674401674401675
1.0 0.25839475839475845 0.29047229047229045 0.05978705978705981 0.1732641732641733
1.0 0.30384930384930386 0.20893620893620896 0.06388206388206391 0.11793611793611794
0.0 0.35421785421785423 0.13904813904813904 0.05814905814905813 0.1179361179361179
0.0 0.46355446355446356 0.10046410046410045 0.04258804258804261 0.08736008736008737
0.0 0.4238329238329238 0.1616161616161616 0.07452907452907448 0.10192010192010192
1.0 0.41605241605241605 0.2584402584402584 0.07043407043407052 0.10920010920010922
1.0 0.36895986895986893 0.3858403858403858 0.07125307125307134 0.2038402038402039
1.0 0.3181818181818182 0.6064246064246058 0.08599508599508576 0.2460642460642457
0.0 0.6425061425061425 0.6311766311766311 0.0958230958230959 0.27518427518427524
0.0 0.6441441441441442 0.404040404040404 0.09090909090909094 0.1907361907361907
1.0 0.6371826371826372 0.23223223223223227 0.07371007371007376 0.16161616161616169
1.0 0.6330876330876329 0.13104013104013104 0.052416052416052294 0.10774410774410774
1.0 0.6183456183456184 0.05896805896805898 0.05733005733005736 0.10337610337610338
0.0 0.742014742014742 0.08517608517608517 0.04258804258804272 0.12376012376012377
1.0 0.7821457821457821 0.1201201201201201 0.0491400491400491 0.1121121121121121
1.0 0.807125307125307 0.23951223951223954 0.05978705978705956 0.1761761761761763
0.0 0.8574938574938575 0.4033124033124033 0.08353808353808356 0.14268814268814267
1.0 0.9025389025389026 0.5496405496405495 0.10483210483210481 0.28100828100828096
0.0 0.9234234234234235 0.07935207935207934 0.053235053235053065 0.12084812084812083
