0.0 0.3558558558558559 0.13686413686413687 0.05323505323505323 0.12521612521612524
1.0 0.30876330876330876 0.20165620165620163 0.05405405405405406 0.13540813540813534
1.0 0.2571662571662572 0.2824642824642824 0.05241605241605246 0.1543361543361543
1.0 0.20311220311220313 0.428064428064428 0.058968058968058956 0.18928018928018936
0.0 0.1466011466011466 0.6843206843206844 0.09828009828009826 0.11939211939211936
1.0 0.04954954954954954 0.43752843752843745 0.06633906633906633 0.10337610337610337
0.0 0.10360360360360363 0.3283283283283283 0.0548730548730549 0.08881608881608882
1.0 0.18386568386568392 0.20165620165620163 0.043407043407043405 0.08008008008008008
1.0 0.2235872235872236 0.13468013468013468 0.04586404586404591 0.0800800800800801
0.0 0.1339066339066339 0.19000819000819003 0.053235053235053245 0.08008008008008008
0.0 0.3194103194103194 0.5780325780325772 0.0769860769860769 0.19801619801619774
0.0 0.37264537264537245 0.39093639093639115 0.0704340704340704 0.19656019656019696
0.0 0.46519246519246515 0.1092001092001092 0.03603603603603611 0.07862407862407861
0.0 0.4201474201474201 0.17326417326417326 0.07207207207207217 0.10483210483210482
0.0 0.40049140049140053 0.2642642642642643 0.057330057330057305 0.10628810628810637
0.0 0.6420966420966421 0.6238966238966239 0.09336609336609347 0.2693602693602693
0.0 0.6457821457821458 0.3982163982163982 0.09090909090909094 0.17908817908817914
1.0 0.6228501228501229 0.24315224315224315 0.0696150696150698 0.20384020384020385
1.0 0.6232596232596233 0.12594412594412596 0.05569205569205571 0.059696059696059706
0.0 0.6273546273546273 0.06479206479206479 0.05733005733005725 0.08590408590408588
0.0 0.7461097461097461 0.08590408590408591 0.0556920556920556 0.1193921193921194
1.0 0.782964782964783 0.13613613613613612 0.04586404586404591 0.11793611793611794
1.0 0.803849303849304 0.2518882518882519 0.05651105651105637 0.18928018928018925
0.0 0.8566748566748568 0.4120484120484121 0.06715806715806705 0.14560014560014567
1.0 0.9074529074529074 0.5605605605605606 0.11793611793611802 0.2824642824642823
0.0 0.9148239148239149 0.06916006916006916 0.042588042588042496 0.08881608881608881
