1.0 0.2244062244062244 0.14050414050414048 0.045864045864045855 0.0917280917280917
2.0 0.1760851760851761 0.11793611793611794 0.04586404586404591 0.11356811356811358
1.0 0.17813267813267813 0.2103922103922104 0.06306306306306311 0.10337610337610337
0.0 0.13800163800163798 0.1972881972881973 0.05651105651105648 0.09755209755209757
0.0 0.10483210483210484 0.33997633997634 0.06879606879606881 0.09464009464009465
1.0 0.048321048321048325 0.43534443534443534 0.06552006552006552 0.11356811356811353
0.0 0.13882063882063883 0.6923286923286924 0.126945126945127 0.13249613249613235
1.0 0.19778869778869768 0.42952042952042924 0.06797706797706782 0.1980161980161978
1.0 0.2583947583947584 0.29702429702429706 0.061425061425061434 0.17472017472017468
1.0 0.29361179361179357 0.19874419874419874 0.056511056511056534 0.10046410046410045
0.0 0.35995085995085985 0.1375921375921376 0.05323505323505323 0.11502411502411501
0.0 0.4606879606879606 0.10264810264810265 0.04340704340704332 0.07716807716807718
0.0 0.42628992628992624 0.18855218855218858 0.07452907452907448 0.10920010920010922
0.0 0.40663390663390664 0.26572026572026575 0.06142506142506149 0.11211211211211206
1.0 0.3722358722358722 0.39020839020839015 0.059787059787059726 0.23004823004823005
0.0 0.32104832104832104 0.5845845845845846 0.09172809172809171 0.21403221403221395
0.0 0.6416871416871417 0.6377286377286377 0.08927108927108929 0.2912002912002913
0.0 0.6457821457821458 0.41059241059241064 0.0859950859950861 0.19510419510419508
1.0 0.631040131040131 0.23441623441623438 0.06797706797706793 0.16307216307216302
1.0 0.6212121212121212 0.14705614705614706 0.04504504504504503 0.099008099008099
0.0 0.6294021294021295 0.06988806988806989 0.05814905814905824 0.06988806988806988
0.0 0.746928746928747 0.0859040859040859 0.05896805896805879 0.13104013104013104
1.0 0.7858312858312858 0.12667212667212668 0.051597051597051635 0.09900809900809904
1.0 0.8091728091728093 0.251888251888252 0.06715806715806716 0.19510419510419527
0.0 0.8517608517608517 0.4076804076804076 0.06552006552006573 0.15142415142415128
1.0 0.9099099099099099 0.5743925743925744 0.12612612612612628 0.2518882518882519
0.0 0.9176904176904177 0.06697606697606698 0.04340704340704349 0.09027209027209027
