0.0 0.2166257166257166 0.15433615433615433 0.04013104013104013 0.06115206115206116
0.0 0.1285831285831286 0.18564018564018564 0.04422604422604423 0.06260806260806262
1.0 0.16953316953316955 0.20966420966420965 0.04914004914004924 0.10192010192010187
0.0 0.11384111384111384 0.3166803166803167 0.05405405405405404 0.06552006552006556
0.0 0.044635544635544644 0.44335244335244334 0.05323505323505324 0.08299208299208294
1.0 0.13022113022113022 0.5998725998726 0.11302211302211297 0.1921921921921922
1.0 0.21785421785421782 0.40986440986440986 0.07862407862407861 0.21403221403221412
1.0 0.2534807534807535 0.281008281008281 0.06633906633906633 0.10774410774410775
1.0 0.30466830466830463 0.21039221039221037 0.0704340704340704 0.1354081354081354
1.0 0.3271908271908272 0.11575211575211575 0.061425061425061434 0.09464009464009464
1.0 0.31081081081081086 0.6115206115206114 0.06633906633906633 0.23296023296023288
1.0 0.3751023751023751 0.3778323778323779 0.0753480753480753 0.17617617617617626
0.0 0.4045864045864046 0.26863226863226863 0.05896805896805901 0.11502411502411503
1.0 0.43038493038493014 0.16598416598416596 0.05978705978705967 0.133952133952134
0.0 0.4606879606879607 0.11356811356811357 0.046683046683046736 0.07862407862407864
0.0 0.6384111384111384 0.6078806078806078 0.09090909090909083 0.2722722722722723
0.0 0.635954135954136 0.37419237419237417 0.08108108108108114 0.17180817180817182
1.0 0.6298116298116296 0.2234962234962235 0.06060606060606066 0.12667212667212666
1.0 0.6298116298116294 0.12084812084812083 0.05896805896805901 0.09609609609609605
0.0 0.7604422604422604 0.09027209027209027 0.05978705978705978 0.12521612521612524
1.0 0.803030303030303 0.25334425334425337 0.07452907452907465 0.18345618345618345
0.0 0.8603603603603601 0.4018564018564018 0.07944307944307938 0.21548821548821562
0.0 0.8820638820638822 0.6137046137046136 0.09664209664209655 0.23150423150423144
1.0 0.9144144144144145 0.07644007644007644 0.041769041769041726 0.11793611793611793
