0.0 0.13185913185913187 0.18855218855218855 0.05405405405405404 0.05969605969605968
0.0 0.2199017199017199 0.1681681681681682 0.05323505323505323 0.07425607425607425
1.0 0.16871416871416872 0.21621621621621623 0.04422604422604426 0.1033761033761034
0.0 0.11793611793611795 0.32323232323232326 0.055692055692055736 0.07862407862407872
0.0 0.04668304668304668 0.4368004368004368 0.06060606060606061 0.09318409318409321
1.0 0.12858312858312856 0.6071526071526072 0.11629811629811626 0.21257621257621273
1.0 0.21744471744471744 0.404040404040404 0.08108108108108111 0.20238420238420235
1.0 0.2473382473382473 0.28392028392028396 0.06224406224406226 0.13104013104013104
1.0 0.2993447993447993 0.20748020748020746 0.06797706797706798 0.12958412958412957
1.0 0.3333333333333333 0.1317681317681318 0.07207207207207211 0.12376012376012377
1.0 0.30466830466830463 0.6166166166166159 0.08517608517608505 0.24606424606424587
1.0 0.3714168714168714 0.39312039312039304 0.06142506142506138 0.19219219219219214
0.0 0.4074529074529074 0.2671762671762672 0.06470106470106463 0.115024115024115
1.0 0.4348894348894349 0.1667121667121667 0.06879606879606875 0.12084812084812083
1.0 0.6298116298116299 0.1172081172081172 0.07371007371007365 0.09464009464009462
1.0 0.6314496314496314 0.2366002366002366 0.07534807534807542 0.14123214123214123
0.0 0.6420966420966421 0.3807443807443808 0.09172809172809171 0.20238420238420235
0.0 0.6425061425061425 0.6166166166166166 0.09909909909909909 0.2722722722722723
0.0 0.7588042588042587 0.09464009464009465 0.05814905814905824 0.12230412230412231
1.0 0.8108108108108109 0.24024024024024027 0.07043407043407024 0.1601601601601602
0.0 0.8538083538083538 0.4113204113204113 0.07289107289107288 0.22276822276822278
0.0 0.884520884520885 0.6144326144326143 0.09500409500409412 0.2416962416962416
1.0 0.9152334152334152 0.07134407134407134 0.04504504504504503 0.1019201019201019
