0.0 0.13390663390663388 0.18054418054418053 0.054873054873054855 0.06406406406406406
0.0 0.21457821457821458 0.15433615433615433 0.044226044226044176 0.08153608153608155
0.0 0.16707616707616707 0.23077623077623077 0.047502047502047534 0.10337610337610337
0.0 0.11547911547911548 0.31085631085631077 0.04258804258804258 0.07134407134407128
0.0 0.042588042588042586 0.4418964418964419 0.04586404586404587 0.0975520975520976
2.0 0.10647010647010646 0.6865046865046864 0.17035217035217032 0.3450723450723451
0.0 0.16666666666666666 0.5947765947765944 0.05978705978705984 0.20529620529620513
1.0 0.22113022113022113 0.412048412048412 0.08026208026208026 0.20966420966420968
1.0 0.24119574119574116 0.2868322868322868 0.06633906633906636 0.1019201019201019
1.0 0.307944307944308 0.20311220311220315 0.07043407043407057 0.12958412958412963
1.0 0.3357903357903356 0.12303212303212302 0.05896805896805912 0.10628810628810625
1.0 0.3443898443898444 0.5853125853125845 0.072891072891073 0.2679042679042679
1.0 0.3873873873873874 0.38147238147238144 0.07698607698607707 0.15142415142415144
0.0 0.40581490581490587 0.28100828100828096 0.06142506142506127 0.1252161252161251
1.0 0.434889434889435 0.16016016016016013 0.057330057330057305 0.11356811356811351
0.0 0.45659295659295696 0.08444808444808449 0.04668304668304685 0.08444808444808448
0.0 0.6437346437346436 0.6107926107926107 0.09991809991809986 0.2693602693602693
0.0 0.6425061425061425 0.38365638365638366 0.07780507780507773 0.19656019656019658
1.0 0.628992628992629 0.23732823732823732 0.08190008190008191 0.14851214851214853
1.0 0.6277641277641278 0.12157612157612156 0.06961506961506969 0.09464009464009462
0.0 0.7641277641277642 0.09609609609609612 0.06715806715806727 0.12521612521612524
1.0 0.8009828009828013 0.2511602511602509 0.07207207207207234 0.19947219947219905
0.0 0.8857493857493857 0.6137046137046136 0.11220311220311208 0.243152243152243
0.0 0.8542178542178542 0.40040040040040037 0.08353808353808356 0.2154882154882154
1.0 0.9172809172809173 0.07862407862407861 0.036036036036036 0.11648011648011646
