0.0 0.13185913185913184 0.19510419510419513 0.05077805077805078 0.08736008736008741
1.0 0.2215397215397215 0.1259441259441259 0.054873054873054744 0.06843206843206841
1.0 0.17403767403767395 0.2103922103922104 0.036855036855036855 0.09172809172809174
0.0 0.0990990990990991 0.3283283283283283 0.06388206388206388 0.07716807716807716
1.0 0.053644553644553644 0.3953043953043953 0.05978705978705978 0.12667212667212668
0.0 0.156019656019656 0.6814086814086813 0.08927108927108925 0.14851214851214845
0.0 0.20434070434070437 0.41787241787241786 0.06961506961506964 0.17180817180817176
1.0 0.25962325962325966 0.2824642824642824 0.05405405405405403 0.1601601601601601
1.0 0.30139230139230133 0.20966420966420968 0.06224406224406215 0.10774410774410773
0.0 0.35626535626535616 0.13395213395213396 0.047502047502047506 0.11939211939211941
0.0 0.46191646191646185 0.1062881062881063 0.029484029484029506 0.08153608153608152
0.0 0.41891891891891897 0.16671216671216674 0.06797706797706793 0.10337610337610337
1.0 0.41277641277641275 0.26426426426426425 0.08026208026208032 0.12667212667212666
1.0 0.36936936936936937 0.388024388024388 0.08190008190008186 0.20529620529620535
1.0 0.3161343161343162 0.6129766129766127 0.08353808353808362 0.25334425334425315
1.0 0.615888615888616 0.058240058240058235 0.062244062244062315 0.08736008736008735
1.0 0.6306306306306306 0.1303121303121303 0.05569205569205571 0.10628810628810628
1.0 0.6212121212121212 0.24460824460824462 0.08599508599508598 0.19510419510419513
0.0 0.6437346437346438 0.4018564018564018 0.09500409500409501 0.19801619801619802
0.0 0.642915642915643 0.6260806260806261 0.10810810810810811 0.259168259168259
0.0 0.7424242424242424 0.08881608881608882 0.03521703521703512 0.11648011648011648
1.0 0.7821457821457818 0.12157612157612158 0.042588042588042496 0.12376012376012374
1.0 0.8091728091728092 0.2708162708162708 0.07371007371007365 0.24169624169624168
0.0 0.859541359541359 0.4142324142324143 0.06470106470106551 0.14996814996815
1.0 0.8951678951678953 0.5489125489125489 0.10483210483210481 0.29411229411229406
0.0 0.9176904176904178 0.08226408226408227 0.04832104832104833 0.10920010920010921
