0.0 0.21949221949221953 0.15870415870415877 0.05405405405405406 0.06697606697606698
0.0 0.13718263718263718 0.18709618709618708 0.051597051597051594 0.07134407134407136
1.0 0.1662571662571663 0.21476021476021465 0.052416052416052406 0.1062881062881062
0.0 0.12203112203112203 0.3195923195923196 0.06224406224406223 0.082992082992083
0.0 0.04586404586404587 0.4418964418964419 0.06552006552006553 0.10628810628810625
1.0 0.13390663390663382 0.5955045955045946 0.10728910728910719 0.2096642096642099
1.0 0.21539721539721537 0.41277641277641275 0.08681408681408681 0.21112021112021112
1.0 0.2432432432432432 0.2802802802802803 0.06388206388206383 0.10920010920010914
1.0 0.30753480753480755 0.21184821184821184 0.07616707616707613 0.13832013832013834
1.0 0.33579033579033557 0.1295841295841296 0.06224406224406237 0.11648011648011652
0.0 0.45249795249795255 0.10847210847210845 0.051597051597051635 0.08881608881608881
1.0 0.4344799344799345 0.1732641732641733 0.06306306306306303 0.13686413686413684
0.0 0.4070434070434071 0.27372827372827374 0.06388206388206397 0.11939211939211938
1.0 0.3787878787878788 0.38365638365638366 0.07616707616707624 0.18782418782418786
1.0 0.31736281736281735 0.6071526071526068 0.07780507780507784 0.2387842387842387
2.0 0.31122031122031124 0.43607243607243606 0.06388206388206391 0.11502411502411497
0.0 0.6298116298116299 0.07134407134407134 0.0589680589680589 0.10774410774410774
1.0 0.6318591318591319 0.13176813176813176 0.05978705978705978 0.10046410046410044
1.0 0.61998361998362 0.24024024024024024 0.08517608517608521 0.1485121485121485
0.0 0.6363636363636364 0.3902083902083902 0.08517608517608521 0.20092820092820096
0.0 0.6400491400491399 0.6137046137046137 0.10565110565110547 0.2693602693602693
1.0 0.8058968058968059 0.2569842569842571 0.07371007371007365 0.1674401674401675
0.0 0.7616707616707616 0.091000091000091 0.062244062244062315 0.1295841295841296
0.0 0.8595413595413588 0.40258440258440253 0.06470106470106429 0.2256802256802255
0.0 0.8800163800163798 0.5976885976885973 0.09254709254709315 0.25188825188825187
1.0 0.9172809172809164 0.07716807716807719 0.047502047502047784 0.12230412230412235
