1.0 0.22153972153972137 0.13904813904813904 0.04995904995904993 0.07716807716807712
0.0 0.13513513513513514 0.19146419146419147 0.04750204750204752 0.09464009464009468
1.0 0.16625716625716627 0.23587223587223585 0.03603603603603606 0.10774410774410775
1.0 0.06838656838656838 0.38292838292838294 0.07452907452907453 0.10192010192010192
0.0 0.15192465192465193 0.6668486668486668 0.09254709254709255 0.15724815724815722
0.0 0.21089271089271092 0.4251524251524252 0.06306306306306303 0.165984165984166
0.0 0.2755937755937756 0.3108563108563108 0.06797706797706798 0.14996814996814992
1.0 0.31081081081081074 0.20456820456820457 0.06142506142506138 0.13249613249613248
0.0 0.35995085995085985 0.13977613977613973 0.05323505323505334 0.11939211939211934
0.0 0.46273546273546273 0.11284011284011285 0.039312039312039304 0.07134407134407136
0.0 0.42301392301392293 0.17908817908817906 0.06961506961506964 0.131040131040131
1.0 0.3939393939393939 0.28246428246428246 0.0851760851760851 0.11065611065611064
1.0 0.36527436527436524 0.3887523887523888 0.07534807534807542 0.21257621257621268
1.0 0.32022932022932027 0.6049686049686047 0.07371007371007382 0.2635362635362635
1.0 0.6224406224406225 0.0728000728000728 0.0655200655200654 0.10192010192010191
1.0 0.6269451269451269 0.1456001456001456 0.07944307944307938 0.0931840931840932
1.0 0.6384111384111384 0.25334425334425337 0.07616707616707619 0.18345618345618345
0.0 0.6420966420966421 0.4142324142324142 0.09172809172809171 0.19656019656019658
0.0 0.644963144963145 0.6311766311766311 0.09418509418509424 0.27809627809627807
0.0 0.7432432432432432 0.08663208663208664 0.038493038493038534 0.12376012376012378
1.0 0.7813267813267812 0.12667212667212668 0.04422604422604415 0.13104013104013104
1.0 0.8169533169533167 0.24606424606424604 0.07125307125307112 0.2213122213122212
0.0 0.8570843570843569 0.4084084084084084 0.06306306306306297 0.14123214123214123
1.0 0.8918918918918914 0.570752570752571 0.08517608517608533 0.2941122941122944
0.0 0.9246519246519246 0.0778960778960779 0.05896805896805879 0.12376012376012377
