0.0 0.138001638001638 0.18928018928018928 0.054873054873054855 0.06988806988806989
0.0 0.21498771498771496 0.14924014924014925 0.043407043407043405 0.05969605969605968
1.0 0.18509418509418507 0.19801619801619802 0.03603603603603603 0.08444808444808444
0.0 0.11588861588861589 0.3188643188643189 0.05651105651105651 0.08444808444808444
1.0 0.04504504504504505 0.43097643097643096 0.05896805896805898 0.12812812812812813
0.0 0.16666666666666666 0.6457366457366457 0.07944307944307943 0.13249613249613246
1.0 0.20147420147420148 0.4236964236964237 0.10810810810810809 0.19801619801619808
1.0 0.25716625716625713 0.2831922831922832 0.0655200655200655 0.1732641732641733
0.0 0.3165438165438166 0.21330421330421329 0.04832104832104833 0.12667212667212666
0.0 0.34479934479934476 0.14778414778414778 0.036036036036036 0.11793611793611794
0.0 0.46273546273546273 0.10847210847210847 0.03276003276003281 0.07425607425607428
0.0 0.4172809172809173 0.16234416234416235 0.07125307125307123 0.08881608881608884
1.0 0.39598689598689596 0.289016289016289 0.06306306306306303 0.12958412958412957
1.0 0.357903357903358 0.3989443989443989 0.06715806715806716 0.21840021840021845
0.0 0.3214578214578214 0.5794885794885795 0.06470106470106468 0.227136227136227
1.0 0.6175266175266175 0.0575120575120575 0.06060606060606055 0.08008008008008005
1.0 0.61998361998362 0.17399217399217398 0.05733005733005736 0.14123214123214117
0.0 0.6576576576576576 0.27664027664027663 0.09336609336609347 0.14560014560014564
0.0 0.6416871416871412 0.4215124215124211 0.07780507780507817 0.16744016744016688
0.0 0.6412776412776413 0.631904631904632 0.08681408681408687 0.27081627081627085
0.0 0.7457002457002456 0.08808808808808809 0.043407043407043266 0.11793611793611794
1.0 0.7833742833742834 0.1463281463281463 0.04504504504504503 0.1179361179361179
1.0 0.8099918099918099 0.2162162162162162 0.06715806715806716 0.1616161616161616
0.0 0.8685503685503686 0.43971243971243973 0.06961506961506958 0.19510419510419508
0.0 0.8108108108108109 0.5743925743925744 0.09664209664209666 0.2780962780962781
0.0 0.9279279279279279 0.08444808444808444 0.05569205569205571 0.11648011648011646
