0.0 0.3579033579033579 0.13613613613613615 0.05241605241605235 0.12958412958412963
0.0 0.1339066339066339 0.19656019656019655 0.04995904995904997 0.10774410774410775
1.0 0.22522522522522526 0.13395213395213396 0.05241605241605243 0.08736008736008738
1.0 0.17772317772317775 0.21621621621621623 0.031122031122031074 0.10628810628810628
1.0 0.06224406224406226 0.39312039312039304 0.06388206388206391 0.13977613977613973
0.0 0.10933660933660934 0.3261443261443262 0.05814905814905816 0.09900809900809909
0.0 0.14537264537264538 0.6777686777686778 0.12203112203112201 0.1499681499681499
0.0 0.21048321048321045 0.4200564200564201 0.05569205569205568 0.17326417326417337
1.0 0.26126126126126115 0.2853762853762853 0.05241605241605249 0.163072163072163
1.0 0.29729729729729726 0.20238420238420238 0.0704340704340704 0.09318409318409315
0.0 0.4643734643734644 0.1164801164801165 0.03767403767403771 0.07571207571207572
0.0 0.4217854217854218 0.15579215579215577 0.06879606879606887 0.08736008736008732
1.0 0.4140049140049139 0.25989625989626 0.06306306306306297 0.14705614705614706
1.0 0.3726453726453726 0.38365638365638366 0.09172809172809171 0.20820820820820823
1.0 0.3218673218673218 0.6188006188006187 0.0982800982800982 0.24169624169624188
1.0 0.6179361179361178 0.06624806624806624 0.04668304668304668 0.13249613249613248
1.0 0.638001638001638 0.13759213759213762 0.04095004095004107 0.1033761033761034
1.0 0.6187551187551188 0.24460824460824462 0.06961506961506947 0.20966420966420968
0.0 0.6461916461916463 0.40986440986440986 0.09009009009009028 0.19947219947219952
0.0 0.644963144963145 0.6333606333606334 0.10728910728910723 0.26208026208026214
0.0 0.7469287469287469 0.0808080808080808 0.04750204750204745 0.12667212667212668
1.0 0.7821457821457825 0.13395213395213396 0.052416052416052517 0.12230412230412233
1.0 0.8128583128583131 0.24752024752024737 0.06797706797706793 0.18928018928018908
0.0 0.855036855036855 0.40695240695240686 0.062244062244062204 0.1616161616161616
1.0 0.8947583947583946 0.5510965510965511 0.1253071253071253 0.2955682955682956
0.0 0.9193284193284195 0.0757120757120757 0.051597051597051746 0.11065611065611063
