1.0 0.22113022113022113 0.13759213759213762 0.04914004914004913 0.09464009464009471
0.0 0.13308763308763308 0.19364819364819363 0.05323505323505323 0.09318409318409318
1.0 0.16748566748566748 0.2154882154882155 0.03849303849303848 0.09609609609609615
0.0 0.11343161343161343 0.32468832468832476 0.07452907452907452 0.08736008736008732
1.0 0.05692055692055691 0.39676039676039676 0.06306306306306304 0.1237601237601238
0.0 0.14373464373464373 0.6828646828646828 0.10565110565110566 0.14268814268814278
0.0 0.2104832104832104 0.4229684229684227 0.06388206388206374 0.17326417326417298
1.0 0.26740376740376737 0.28756028756028756 0.059787059787059754 0.16744016744016746
1.0 0.3071253071253071 0.21476021476021476 0.0655200655200655 0.14705614705614706
0.0 0.35749385749385754 0.13468013468013468 0.058149058149058075 0.11502411502411503
0.0 0.45904995904995904 0.11065611065611065 0.04176904176904178 0.08736008736008735
1.0 0.41891891891891886 0.2555282555282554 0.06797706797706776 0.14414414414414403
1.0 0.3705978705978705 0.3916643916643917 0.07289107289107283 0.20092820092820096
1.0 0.31777231777231774 0.6115206115206115 0.09172809172809177 0.24752024752024737
1.0 0.6142506142506143 0.06697606697606696 0.062244062244062204 0.10192010192010191
1.0 0.638820638820639 0.13468013468013484 0.05077805077805164 0.09172809172809179
1.0 0.6240786240786241 0.24242424242424243 0.0950040950040949 0.2052962052962053
0.0 0.6470106470106469 0.4084084084084084 0.09500409500409501 0.18491218491218492
0.0 0.6388206388206389 0.6326326326326326 0.11302211302211318 0.2606242606242607
1.0 0.8992628992628993 0.5598325598325599 0.10974610974610954 0.28100828100828096
0.0 0.8607698607698607 0.404040404040404 0.07043407043407046 0.14123214123214123
1.0 0.8136773136773136 0.2518882518882516 0.0778050778050774 0.18928018928018905
1.0 0.7833742833742838 0.13322413322413323 0.05814905814905824 0.1354081354081354
0.0 0.7440622440622437 0.08808808808808807 0.043407043407043044 0.13249613249613246
0.0 0.9189189189189191 0.07716807716807716 0.040950040950040845 0.13395213395213396
