1.0 0.2252252252252252 0.144144144144144 0.04586404586404594 0.08736008736008735
2.0 0.1752661752661753 0.11575211575211573 0.040950040950040956 0.12084812084812083
1.0 0.1773136773136773 0.2184002184002184 0.05814905814905813 0.10483210483210478
0.0 0.10687960687960679 0.3297843297843299 0.06633906633906633 0.09172809172809204
1.0 0.053644553644553644 0.4397124397124397 0.07780507780507781 0.13395213395213407
0.0 0.3591318591318591 0.13759213759213756 0.04832104832104833 0.12084812084812083
1.0 0.25225225225225223 0.28974428974428973 0.05569205569205565 0.16598416598416596
1.0 0.3001638001638002 0.1994721994721995 0.07452907452907453 0.10774410774410775
1.0 0.1977886977886978 0.4171444171444171 0.05814905814905813 0.1878241878241877
0.0 0.14045864045864048 0.677040677040677 0.12203112203112207 0.15433615433615433
1.0 0.32719082719082715 0.5831285831285831 0.09746109746109743 0.21403221403221412
1.0 0.37633087633087625 0.3996723996723994 0.08599508599508598 0.21694421694421667
0.0 0.46191646191646196 0.11284011284011283 0.0409500409500409 0.08008008008008005
0.0 0.4217854217854218 0.18345618345618345 0.07043407043407046 0.12521612521612524
0.0 0.4029484029484029 0.2700882700882701 0.06388206388206397 0.10046410046410048
0.0 0.6261261261261262 0.06988806988806988 0.05651105651105659 0.08736008736008734
1.0 0.6208026208026209 0.1375921375921376 0.05569205569205582 0.0859040859040859
1.0 0.6322686322686323 0.2497042497042497 0.072072072072072 0.1732641732641733
0.0 0.6437346437346437 0.4113204113204113 0.09172809172809182 0.21403221403221395
0.0 0.6420966420966421 0.6311766311766311 0.09500409500409512 0.2722722722722723
0.0 0.7465192465192466 0.08881608881608882 0.04668304668304679 0.12230412230412231
1.0 0.7846027846027845 0.12521612521612527 0.04586404586404613 0.10192010192010194
1.0 0.807534807534808 0.26572026572026564 0.072072072072072 0.21694421694421684
0.0 0.8542178542178545 0.3967603967603962 0.06715806715806705 0.15870415870415838
1.0 0.8865683865683867 0.5656565656565656 0.11711711711711703 0.30430430430430416
0.0 0.9172809172809172 0.07061607061607063 0.05077805077805064 0.09172809172809175
