0.0 0.21212121212121215 0.14924014924014925 0.05733005733005733 0.05969605969605968
1.0 0.18632268632268634 0.2023842023842024 0.049959049959049956 0.08736008736008735
0.0 0.14004914004914004 0.1958321958321958 0.052416052416052406 0.09755209755209751
0.0 0.1117936117936118 0.3195923195923196 0.04668304668304667 0.08008008008008011
1.0 0.047092547092547093 0.42879242879242874 0.05651105651105651 0.12084812084812074
0.0 0.15683865683865683 0.6464646464646462 0.09746109746109752 0.13104013104013135
1.0 0.21990171990171994 0.4171444171444171 0.1138411138411139 0.19656019656019658
1.0 0.26412776412776406 0.2795522795522795 0.06633906633906633 0.16307216307216307
0.0 0.31326781326781333 0.21184821184821187 0.05814905814905813 0.12958412958412963
0.0 0.3431613431613431 0.1426881426881427 0.0327600327600327 0.11648011648011648
0.0 0.4643734643734643 0.11065611065611065 0.03603603603603589 0.08736008736008735
0.0 0.4201474201474201 0.1587041587041587 0.0753480753480753 0.07571207571207571
1.0 0.3963963963963964 0.2831922831922832 0.06879606879606881 0.14414414414414417
1.0 0.35626535626535627 0.40040040040040037 0.09172809172809165 0.20966420966420962
0.0 0.3202293202293202 0.5765765765765766 0.08026208026208026 0.20092820092820102
0.0 0.6404586404586404 0.6348166348166349 0.09172809172809182 0.2679042679042679
0.0 0.803849303849304 0.5707525707525707 0.11056511056511054 0.262080262080262
0.0 0.6461916461916462 0.4084084084084085 0.08681408681408687 0.1761761761761762
0.0 0.6592956592956594 0.2700882700882701 0.09500409500409501 0.1354081354081354
1.0 0.6212121212121212 0.1667121667121667 0.04995904995904987 0.13832013832013834
1.0 0.6183456183456184 0.0626080626080626 0.05405405405405406 0.0931840931840932
0.0 0.7469287469287469 0.082992082992083 0.05569205569205571 0.11356811356811357
1.0 0.7846027846027845 0.13395213395213396 0.05405405405405406 0.09318409318409317
1.0 0.8173628173628167 0.20456820456820463 0.0851760851760851 0.14123214123214142
0.0 0.8705978705978707 0.43534443534443534 0.0851760851760851 0.21840021840021845
0.0 0.9271089271089271 0.08736008736008737 0.06388206388206386 0.1252161252161252
