0.0 0.147010647010647 0.685048685048685 0.10401310401310403 0.12958412958412968
0.0 0.32063882063882065 0.5773045773045773 0.07125307125307123 0.216944216944217
0.0 0.10196560196560198 0.3276003276003276 0.05978705978705978 0.09027209027209027
0.0 0.35626535626535627 0.13977613977613976 0.05077805077805081 0.12521612521612518
0.0 0.4631449631449631 0.10992810992810993 0.03194103194103204 0.07134407134407136
0.0 0.6437346437346436 0.6275366275366274 0.0982800982800982 0.2679042679042678
0.0 0.6441441441441442 0.40258440258440253 0.09090909090909094 0.1878241878241878
0.0 0.404995904995905 0.26280826280826286 0.04832104832104828 0.10920010920010928
0.0 0.4164619164619165 0.16744016744016743 0.06306306306306297 0.11065611065611067
0.0 0.13677313677313677 0.1929201929201929 0.050778050778050796 0.08008008008008011
0.0 0.6277641277641278 0.06188006188006188 0.059787059787060004 0.0626080626080626
0.0 0.7448812448812447 0.08954408954408954 0.04504504504504492 0.12084812084812085
0.0 0.857084357084357 0.4105924105924106 0.07125307125307123 0.14268814268814273
0.0 0.9197379197379199 0.06697606697606698 0.04258804258804261 0.08736008736008738
1.0 0.22481572481572482 0.13832013832013831 0.05159705159705161 0.08444808444808444
1.0 0.180999180999181 0.20311220311220313 0.036036036036036 0.07716807716807719
1.0 0.04176904176904177 0.430976430976431 0.05077805077805078 0.11356811356811364
1.0 0.199017199017199 0.4207844207844208 0.07534807534807533 0.17763217763217765
1.0 0.25798525798525807 0.2839202839202839 0.05241605241605246 0.16307216307216316
1.0 0.2923832923832924 0.1921921921921922 0.06060606060606061 0.09027209027209027
1.0 0.3697788697788698 0.37928837928837933 0.061425061425061434 0.21112021112021118
1.0 0.6216216216216217 0.12376012376012376 0.05733005733005736 0.06697606697606698
1.0 0.6199836199836197 0.23878423878423882 0.08353808353808367 0.1951041951041951
1.0 0.7850122850122849 0.10774410774410775 0.03194103194103193 0.07862407862407862
1.0 0.8026208026208027 0.2548002548002547 0.058968058968059234 0.2009282009282007
1.0 0.9013104013104012 0.5583765583765584 0.12366912366912353 0.27227227227227235
