0.0 0.2190827190827191 0.16088816088816088 0.04832104832104833 0.06843206843206842
0.0 0.1359541359541359 0.18636818636818636 0.05569205569205568 0.06115206115206115
0.0 0.16543816543816542 0.2293202293202293 0.052416052416052406 0.09755209755209754
0.0 0.11793611793611794 0.3246883246883247 0.047502047502047506 0.08444808444808449
0.0 0.0470925470925471 0.44844844844844844 0.06306306306306307 0.09318409318409315
1.0 0.1347256347256347 0.5998725998725999 0.10565110565110566 0.2096642096642098
1.0 0.21826371826371826 0.4084084084084083 0.06961506961506958 0.20529620529620524
1.0 0.2452907452907453 0.2977522977522977 0.06470106470106474 0.12667212667212666
1.0 0.3067158067158067 0.20966420966420965 0.07125307125307123 0.13686413686413684
1.0 0.33742833742833744 0.13031213031213032 0.06060606060606055 0.12667212667212668
1.0 0.43570843570843576 0.18054418054418056 0.055692055692055764 0.14268814268814273
0.0 0.45536445536445536 0.1062881062881063 0.05405405405405406 0.07862407862407864
0.0 0.40622440622440614 0.2751842751842752 0.06060606060606061 0.12230412230412233
1.0 0.38656838656838655 0.37637637637637633 0.08681408681408681 0.1616161616161616
2.0 0.3140868140868141 0.42369642369642363 0.08435708435708444 0.16016016016016
1.0 0.32678132678132643 0.588224588224588 0.1146601146601145 0.25916825916825925
1.0 0.6265356265356266 0.2518882518882519 0.0819000819000818 0.1514241514241514
0.0 0.6437346437346438 0.612976612976613 0.09500409500409501 0.27372827372827385
0.0 0.644963144963145 0.3938483938483939 0.07944307944307949 0.20529620529620524
1.0 0.6363636363636364 0.1324961324961325 0.062244062244062315 0.1135681135681136
0.0 0.6322686322686324 0.06115206115206115 0.062244062244062426 0.09027209027209027
0.0 0.762080262080262 0.08080808080808081 0.06961506961506958 0.14123214123214126
1.0 0.8042588042588041 0.2497042497042497 0.06552006552006573 0.1936481936481936
0.0 0.8554463554463555 0.39748839748839765 0.07616707616707585 0.20966420966420973
0.0 0.8865683865683857 0.6042406042406036 0.1007371007370994 0.25625625625625587
1.0 0.9156429156429153 0.07425607425607424 0.05077805077805131 0.11065611065611061
