0.0 0.14209664209664208 0.6806806806806808 0.11547911547911546 0.12667212667212668
1.0 0.22481572481572482 0.13395213395213396 0.04832104832104833 0.07571207571207572
1.0 0.18509418509418504 0.20384020384020385 0.03767403767403765 0.08444808444808444
0.0 0.1375921375921376 0.19292019292019294 0.06060606060606062 0.09172809172809177
0.0 0.10155610155610158 0.3283283283283283 0.058968058968058984 0.08590408590408594
1.0 0.043816543816543825 0.42952042952042946 0.0597870597870598 0.10774410774410775
1.0 0.19983619983619966 0.42151242151242174 0.06715806715806738 0.1965601965601964
1.0 0.2559377559377559 0.2831922831922832 0.058149058149058186 0.1703521703521704
1.0 0.29729729729729726 0.19801619801619802 0.06060606060606055 0.1106561106561107
0.0 0.3587223587223588 0.13759213759213756 0.047502047502047395 0.12376012376012373
0.0 0.46478296478296477 0.11065611065611065 0.030303030303030276 0.0757120757120757
0.0 0.4185094185094186 0.17544817544817543 0.06552006552006556 0.12376012376012377
0.0 0.40622440622440625 0.26863226863226863 0.058968058968058956 0.10920010920010922
1.0 0.371007371007371 0.388024388024388 0.07371007371007371 0.2023842023842023
0.0 0.3247338247338247 0.5692965692965694 0.07616707616707619 0.1805441805441806
0.0 0.6408681408681409 0.6311766311766313 0.08927108927108918 0.2635362635362635
1.0 0.6228501228501229 0.24606424606424607 0.06306306306306309 0.19801619801619802
1.0 0.624078624078624 0.1223041223041223 0.052416052416052517 0.08153608153608154
0.0 0.6466011466011465 0.4033124033124033 0.08763308763308764 0.18345618345618342
0.0 0.6257166257166258 0.058968058968058956 0.05733005733005736 0.06843206843206842
0.0 0.7461097461097461 0.08736008736008737 0.050778050778050865 0.1252161252161252
1.0 0.7846027846027847 0.12958412958412957 0.04750204750204756 0.10483210483210481
1.0 0.8087633087633088 0.24824824824824826 0.061425061425061434 0.19364819364819366
0.0 0.8529893529893529 0.40476840476840475 0.0663390663390665 0.13977613977613979
1.0 0.8959868959868961 0.5256165256165256 0.09336609336609336 0.331968331968332
0.0 0.9193284193284192 0.0596960596960597 0.04013104013103996 0.08153608153608154
