0.0 0.13554463554463553 0.18709618709618708 0.04832104832104832 0.08881608881608882
0.0 0.3546273546273546 0.12885612885612885 0.0507780507780507 0.12084812084812084
1.0 0.2186732186732187 0.13322413322413323 0.058968058968058984 0.07134407134407135
1.0 0.17403767403767406 0.2205842205842206 0.04504504504504503 0.08881608881608882
0.0 0.10237510237510239 0.32760032760032765 0.050778050778050865 0.08153608153608138
1.0 0.05855855855855856 0.3982163982163982 0.05323505323505323 0.12958412958412963
0.0 0.14987714987714987 0.6814086814086814 0.09664209664209665 0.15433615433615433
0.0 0.20393120393120395 0.4200564200564201 0.06879606879606881 0.17326417326417337
1.0 0.25921375921375894 0.2933842933842934 0.07944307944307938 0.17035217035217015
1.0 0.3018018018018017 0.21112021112021112 0.06961506961506964 0.13395213395213398
0.0 0.4656019656019657 0.1092001092001092 0.04176904176904195 0.06697606697606695
0.0 0.41564291564291567 0.15069615069615072 0.06470106470106468 0.07716807716807719
1.0 0.4103194103194103 0.25989625989625986 0.06388206388206397 0.12667212667212668
1.0 0.36363636363636354 0.3792883792883792 0.08681408681408681 0.19364819364819358
1.0 0.31081081081081074 0.6093366093366097 0.09418509418509402 0.2548002548002548
1.0 0.617117117117117 0.053144053144053134 0.04504504504504503 0.08008008008008007
1.0 0.6371826371826372 0.12303212303212303 0.0458640458640458 0.08008008008008008
1.0 0.6162981162981163 0.24024024024024024 0.07616707616707619 0.18345618345618347
0.0 0.6445536445536446 0.4120484120484121 0.09828009828009832 0.19801619801619796
0.0 0.6466011466011466 0.6260806260806261 0.10073710073710074 0.27372827372827374
1.0 0.8976248976248977 0.5612885612885614 0.12448812448812452 0.28392028392028396
0.0 0.8533988533988535 0.412048412048412 0.05077805077805053 0.15142415142415133
1.0 0.8157248157248154 0.2453362453362453 0.07043407043407113 0.17326417326417326
1.0 0.7825552825552826 0.13031213031213032 0.04504504504504514 0.12376012376012376
0.0 0.744062244062244 0.09245609245609246 0.04340704340704338 0.12667212667212668
0.0 0.9221949221949222 0.08517608517608517 0.04586404586404591 0.11211211211211211
