0.0 0.1515151515151515 0.6821366821366821 0.09828009828009826 0.14123214123214123
1.0 0.2153972153972154 0.1456001456001456 0.04914004914004913 0.07571207571207572
1.0 0.1822276822276822 0.2125762125762126 0.04832104832104833 0.08153608153608155
0.0 0.13185913185913184 0.19437619437619438 0.05077805077805078 0.08881608881608882
0.0 0.10319410319410321 0.3261443261443262 0.05896805896805897 0.08736008736008749
1.0 0.04954954954954956 0.41277641277641275 0.061425061425061434 0.12958412958412963
0.0 0.20638820638820637 0.42224042224042224 0.06879606879606878 0.17472017472017476
0.0 0.27436527436527447 0.3072163072163073 0.06060606060606055 0.1485121485121486
1.0 0.3067158067158068 0.20165620165620163 0.05978705978705984 0.11793611793611791
0.0 0.3583128583128583 0.13613613613613615 0.04832104832104828 0.12958412958412963
0.0 0.463963963963964 0.10410410410410412 0.035217035217035286 0.08299208299208301
0.0 0.420966420966421 0.16088816088816088 0.07043407043407046 0.10337610337610335
1.0 0.40663390663390675 0.2584402584402584 0.07289107289107294 0.12667212667212652
1.0 0.377968877968878 0.3807443807443808 0.0958230958230959 0.1994721994721994
1.0 0.31736281736281735 0.5896805896805897 0.08599508599508598 0.24460824460824454
1.0 0.6175266175266175 0.04804804804804805 0.06060606060606055 0.07862407862407864
1.0 0.6236691236691236 0.16452816452816452 0.05487305487305483 0.1601601601601601
1.0 0.6539721539721539 0.2671762671762672 0.08763308763308786 0.19656019656019658
0.0 0.6494676494676495 0.6311766311766314 0.10483210483210481 0.2693602693602695
0.0 0.6494676494676495 0.4113204113204114 0.09336609336609347 0.1878241878241877
0.0 0.7387387387387384 0.08080808080808081 0.03767403767403743 0.12084812084812084
1.0 0.7755937755937756 0.12303212303212299 0.050778050778050976 0.12958412958412951
1.0 0.816953316953317 0.24096824096824096 0.07452907452907465 0.19656019656019658
0.0 0.8583128583128583 0.4047684047684048 0.08517608517608521 0.11939211939211947
1.0 0.8865683865683865 0.5758485758485758 0.10237510237510228 0.281008281008281
0.0 0.9238329238329237 0.08080808080808081 0.05896805896805901 0.13540813540813543
