0.0 0.21785421785421788 0.15652015652015652 0.05241605241605246 0.07716807716807718
0.0 0.13267813267813267 0.18345618345618345 0.047502047502047465 0.09027209027209027
1.0 0.1638001638001638 0.21184821184821184 0.04914004914004916 0.10628810628810625
0.0 0.12448812448812446 0.31740831740831743 0.06388206388206384 0.0960960960960962
0.0 0.0487305487305487 0.44626444626444617 0.07289107289107286 0.10337610337610337
1.0 0.13104013104013107 0.6035126035126035 0.11957411957411959 0.2052962052962053
1.0 0.2252252252252252 0.4084084084084084 0.07698607698607704 0.20238420238420246
1.0 0.24610974610974606 0.28173628173628174 0.06633906633906628 0.1324961324961325
1.0 0.30098280098280095 0.20456820456820457 0.06470106470106468 0.1237601237601238
1.0 0.32800982800982803 0.1164801164801165 0.056511056511056534 0.09318409318409321
0.0 0.45249795249795244 0.10774410774410774 0.04832104832104828 0.08153608153608152
1.0 0.4291564291564291 0.16962416962416962 0.05896805896805901 0.14123214123214123
0.0 0.4131859131859132 0.2715442715442715 0.07289107289107288 0.12084812084812085
1.0 0.37674037674037675 0.38074438074438066 0.07207207207207206 0.1907361907361907
1.0 0.31285831285831256 0.5998725998725999 0.0933660933660932 0.23004823004822966
1.0 0.6314496314496316 0.12303212303212305 0.06388206388206397 0.11211211211211215
1.0 0.6302211302211302 0.23296023296023297 0.07780507780507784 0.15724815724815727
0.0 0.6384111384111384 0.3938483938483939 0.08599508599508598 0.20529620529620524
0.0 0.6425061425061425 0.6115206115206113 0.09418509418509424 0.27081627081627063
0.0 0.7649467649467651 0.08590408590408591 0.062244062244062315 0.1193921193921194
1.0 0.8038493038493038 0.25916825916825914 0.06633906633906628 0.17763217763217762
0.0 0.8591318591318593 0.40185640185640187 0.0556920556920556 0.2154882154882155
0.0 0.8853398853398854 0.6115206115206113 0.09991809991809997 0.25916825916825914
1.0 0.9140049140049142 0.08299208299208301 0.0556920556920556 0.12230412230412234
