0.0 0.1347256347256347 0.19364819364819363 0.049959049959049956 0.08736008736008735
1.0 0.22113022113022113 0.13395213395213393 0.040950040950040956 0.06988806988806988
1.0 0.17403767403767406 0.21476021476021473 0.049959049959049956 0.0888160888160888
0.0 0.10360360360360363 0.32468832468832465 0.06961506961506965 0.07571207571207572
1.0 0.050368550368550376 0.406952406952407 0.0728910728910729 0.10628810628810631
0.0 0.15028665028665028 0.6792246792246792 0.09254709254709255 0.15870415870415866
0.0 0.20761670761670764 0.4236964236964237 0.059787059787059754 0.17180817180817182
0.0 0.27436527436527414 0.3028483028483028 0.06715806715806713 0.14851214851214836
1.0 0.3063063063063063 0.2052962052962053 0.06224406224406226 0.12230412230412233
0.0 0.35995085995085996 0.13686413686413687 0.041769041769041726 0.12521612521612524
0.0 0.46191646191646196 0.10774410774410775 0.03112203112203127 0.07571207571207572
0.0 0.41850941850941853 0.1608881608881609 0.07371007371007365 0.08881608881608884
1.0 0.4049959049959053 0.25844025844025853 0.07780507780507784 0.13249613249613262
1.0 0.3726453726453727 0.3843843843843844 0.07698607698607707 0.20966420966420957
1.0 0.31736281736281735 0.6056966056966054 0.07944307944307943 0.24169624169624165
1.0 0.6171171171171173 0.04586404586404586 0.06633906633906628 0.07134407134407135
1.0 0.624897624897625 0.16816816816816815 0.06388206388206397 0.16452816452816452
1.0 0.6531531531531524 0.26936026936026936 0.08599508599508598 0.20675220675220665
0.0 0.6466011466011466 0.41932841932841936 0.10073710073710074 0.18345618345618347
0.0 0.6437346437346436 0.6282646282646283 0.1015561015561014 0.26936026936026936
1.0 0.7919737919737921 0.123032123032123 0.05405405405405361 0.12376012376012377
0.0 0.7424242424242424 0.08517608517608519 0.040131040131040185 0.11502411502411504
1.0 0.8149058149058149 0.24533624533624537 0.072072072072072 0.2140322140322141
0.0 0.8529893529893529 0.406952406952407 0.07780507780507795 0.14123214123214123
1.0 0.8873873873873873 0.5758485758485758 0.07780507780507784 0.3072163072163071
0.0 0.925061425061425 0.08663208663208663 0.061425061425061545 0.12667212667212668
