1.0 0.17158067158067158 0.2184002184002184 0.05159705159705155 0.08736008736008735
0.0 0.21785421785421782 0.15506415506415508 0.047502047502047534 0.06552006552006555
0.0 0.13104013104013104 0.19146419146419147 0.04914004914004916 0.08008008008008008
0.0 0.12244062244062244 0.31740831740831743 0.05651105651105651 0.08153608153608155
0.0 0.05282555282555282 0.44189644189644195 0.06470106470106471 0.10046410046410048
1.0 0.13063063063063066 0.5955045955045954 0.1154791154791155 0.18636818636818642
1.0 0.22235872235872237 0.4084084084084084 0.07780507780507778 0.20820820820820818
1.0 0.2485667485667486 0.29192829192829195 0.06961506961506961 0.1266721266721267
1.0 0.30343980343980337 0.2082082082082082 0.059787059787059726 0.13395213395213396
1.0 0.334971334971335 0.12958412958412957 0.06388206388206386 0.11356811356811353
0.0 0.4561834561834562 0.10847210847210847 0.06060606060606066 0.07134407134407134
1.0 0.42833742833742827 0.16816816816816815 0.057330057330057416 0.14414414414414414
0.0 0.40663390663390653 0.27372827372827374 0.06633906633906633 0.11939211939211938
1.0 0.3824733824733825 0.3807443807443808 0.0704340704340704 0.1936481936481937
2.0 0.30466830466830463 0.44480844480844484 0.06879606879606875 0.15579215579215583
1.0 0.32104832104832104 0.5918645918645914 0.08190008190008174 0.2373282373282377
0.0 0.6412776412776415 0.6078806078806077 0.09664209664209622 0.26644826644826636
0.0 0.6384111384111384 0.38802438802438804 0.08763308763308775 0.19656019656019663
1.0 0.624897624897625 0.24024024024024024 0.0819000819000818 0.1485121485121485
1.0 0.6326781326781329 0.12958412958412957 0.06306306306306309 0.11939211939211933
0.0 0.7567567567567568 0.08808808808808807 0.06060606060606066 0.12084812084812084
1.0 0.8046683046683047 0.2511602511602512 0.06797706797706804 0.17035217035217037
0.0 0.8607698607698604 0.3974883974883975 0.07371007371007454 0.2154882154882154
0.0 0.8857493857493859 0.6071526071526069 0.0990990990990982 0.26499226499226497
1.0 0.9152334152334154 0.0720720720720721 0.049959049959050206 0.12084812084812092
